0 4 8 13 5 12 2 9 1 14 3 16 16 16 16 16 16 16 16 16 16 16
0 4 5 7 6 9 1 14 2 3 16 16 16 16 16 16 16 16 16 16 16 16
0 4 5 7 8 9 1 14 3 16 16 16 16 16 16 16 16 16 16 16 16 16
0 4 5 7 6 9 1 14 2 3 16 16 16 16 16 16 16 16 16 16 16 16
0 4 2 9 13 5 1 14 3 16 16 16 16 16 16 16 16 16 16 16 16 16
0 4 5 7 6 9 1 14 2 3 16 16 16 16 16 16 16 16 16 16 16 16
0 4 2 5 13 9 1 14 3 16 16 16 16 16 16 16 16 16 16 16 16 16
0 4 2 12 5 13 6 7 9 1 1 14 3 16 16 16 16 16 16 16 16 16
0 4 8 12 13 5 9 1 1 14 2 3 16 16 16 16 16 16 16 16 16 16
0 4 2 5 13 9 1 14 3 16 16 16 16 16 16 16 16 16 16 16 16 16
0 4 8 13 5 12 2 9 1 14 3 16 16 16 16 16 16 16 16 16 16 16
0 4 8 8 13 12 5 11 9 1 1 14 3 16 16 16 16 16 16 16 16 16
0 4 2 5 13 9 1 14 3 16 16 16 16 16 16 16 16 16 16 16 16 16
0 4 2 7 5 13 7 1 9 1 14 3 16 16 16 16 16 16 16 16 16 16
0 4 5 7 8 9 1 14 3 16 16 16 16 16 16 16 16 16 16 16 16 16
0 4 8 13 5 12 2 9 1 14 3 16 16 16 16 16 16 16 16 16 16 16
0 4 8 12 13 5 9 1 1 14 2 3 16 16 16 16 16 16 16 16 16 16
0 4 8 12 13 5 9 1 1 14 2 3 16 16 16 16 16 16 16 16 16 16
0 4 8 12 13 5 9 1 1 14 2 3 16 16 16 16 16 16 16 16 16 16
0 4 8 12 5 13 8 2 9 1 14 3 16 16 16 16 16 16 16 16 16 16
0 4 8 6 7 5 9 1 1 14 3 16 16 16 16 16 16 16 16 16 16 16
0 4 2 5 7 13 9 15 11 1 14 3 16 16 16 16 16 16 16 16 16 16
0 4 8 5 7 6 13 1 2 9 11 3 16 16 16 16 16 16 16 16 16 16
0 4 2 5 13 9 1 14 3 16 16 16 16 16 16 16 16 16 16 16 16 16
0 4 2 7 5 13 9 7 1 14 3 16 16 16 16 16 16 16 16 16 16 16
0 4 8 12 13 5 9 1 1 14 2 3 16 16 16 16 16 16 16 16 16 16
0 4 5 7 6 9 1 14 2 3 16 16 16 16 16 16 16 16 16 16 16 16
0 4 5 7 8 9 1 14 3 16 16 16 16 16 16 16 16 16 16 16 16 16
0 4 8 12 13 5 9 1 1 14 2 3 16 16 16 16 16 16 16 16 16 16
0 4 2 5 13 9 1 14 3 16 16 16 16 16 16 16 16 16 16 16 16 16
0 4 13 12 9 1 1 14 3 16 16 16 16 16 16 16 16 16 16 16 16 16
0 4 5 7 8 9 1 14 3 16 16 16 16 16 16 16 16 16 16 16 16 16
0 4 2 5 13 9 1 14 3 16 16 16 16 16 16 16 16 16 16 16 16 16
0 4 5 7 8 9 1 14 3 16 16 16 16 16 16 16 16 16 16 16 16 16
0 4 8 6 12 13 5 9 1 1 14 3 16 16 16 16 16 16 16 16 16 16
0 4 2 12 5 9 1 14 3 16 16 16 16 16 16 16 16 16 16 16 16 16
0 4 5 7 8 9 1 14 3 16 16 16 16 16 16 16 16 16 16 16 16 16
0 4 8 12 13 5 9 1 1 14 2 3 16 16 16 16 16 16 16 16 16 16
0 4 8 12 13 8 8 8 8 9 1 14 2 3 16 16 16 16 16 16 16 16
0 4 2 12 2 13 5 9 1 14 3 16 16 16 16 16 16 16 16 16 16 16
0 4 2 12 13 5 9 1 14 3 16 16 16 16 16 16 16 16 16 16 16 16
0 4 2 9 13 5 1 14 3 16 16 16 16 16 16 16 16 16 16 16 16 16
0 4 2 12 5 7 6 13 11 9 1 14 3 16 16 16 16 16 16 16 16 16
0 4 2 12 5 13 6 7 9 1 1 14 3 16 16 16 16 16 16 16 16 16
0 4 2 5 12 9 1 14 3 16 16 16 16 16 16 16 16 16 16 16 16 16
0 4 2 12 5 13 6 7 9 1 1 14 3 16 16 16 16 16 16 16 16 16
0 4 2 9 13 5 1 14 3 16 16 16 16 16 16 16 16 16 16 16 16 16
0 4 2 7 5 13 9 1 14 3 16 16 16 16 16 16 16 16 16 16 16 16
0 4 8 12 13 5 9 1 1 14 2 3 16 16 16 16 16 16 16 16 16 16
0 4 2 5 7 13 9 15 11 1 14 3 16 16 16 16 16 16 16 16 16 16
0 4 5 7 6 9 1 14 2 3 16 16 16 16 16 16 16 16 16 16 16 16
0 4 2 5 13 9 1 14 3 16 16 16 16 16 16 16 16 16 16 16 16 16
0 4 2 5 13 9 1 14 3 16 16 16 16 16 16 16 16 16 16 16 16 16
0 4 2 5 7 13 9 15 11 1 14 3 16 16 16 16 16 16 16 16 16 16
0 4 8 13 5 12 2 9 1 14 3 16 16 16 16 16 16 16 16 16 16 16
0 4 8 12 13 5 9 1 1 14 2 3 16 16 16 16 16 16 16 16 16 16
0 4 2 5 13 9 1 14 3 16 16 16 16 16 16 16 16 16 16 16 16 16
0 4 5 7 8 9 1 14 3 16 16 16 16 16 16 16 16 16 16 16 16 16
0 4 2 12 5 7 6 13 11 9 1 14 3 16 16 16 16 16 16 16 16 16
0 4 2 12 5 9 1 14 3 16 16 16 16 16 16 16 16 16 16 16 16 16
0 4 8 13 5 12 2 9 1 14 3 16 16 16 16 16 16 16 16 16 16 16
0 4 2 5 7 13 9 15 11 1 14 3 16 16 16 16 16 16 16 16 16 16
0 4 5 7 6 9 1 14 2 3 16 16 16 16 16 16 16 16 16 16 16 16
0 4 2 5 13 9 1 14 3 16 16 16 16 16 16 16 16 16 16 16 16 16
0 4 2 5 13 9 1 14 3 16 16 16 16 16 16 16 16 16 16 16 16 16
0 4 2 13 12 9 1 14 3 16 16 16 16 16 16 16 16 16 16 16 16 16
0 4 2 12 5 9 1 14 3 16 16 16 16 16 16 16 16 16 16 16 16 16
0 4 2 5 13 9 1 14 3 16 16 16 16 16 16 16 16 16 16 16 16 16
0 4 2 5 13 9 1 14 3 16 16 16 16 16 16 16 16 16 16 16 16 16
0 4 2 13 12 5 11 9 1 14 3 16 16 16 16 16 16 16 16 16 16 16
0 4 2 12 5 13 6 7 9 1 1 14 3 16 16 16 16 16 16 16 16 16
0 4 13 12 9 1 1 14 3 16 16 16 16 16 16 16 16 16 16 16 16 16
0 4 5 7 8 9 1 14 3 16 16 16 16 16 16 16 16 16 16 16 16 16
0 4 5 7 6 9 1 14 6 3 16 16 16 16 16 16 16 16 16 16 16 16
0 4 5 7 8 9 1 14 3 16 16 16 16 16 16 16 16 16 16 16 16 16
0 4 2 7 5 13 9 1 14 3 16 16 16 16 16 16 16 16 16 16 16 16
0 4 5 7 8 9 1 14 3 16 16 16 16 16 16 16 16 16 16 16 16 16
0 4 5 7 8 9 1 14 3 16 16 16 16 16 16 16 16 16 16 16 16 16
0 4 8 12 13 5 9 1 1 14 2 3 16 16 16 16 16 16 16 16 16 16
0 4 2 5 13 9 1 14 3 16 16 16 16 16 16 16 16 16 16 16 16 16
0 4 5 7 6 9 1 14 2 3 16 16 16 16 16 16 16 16 16 16 16 16
0 4 7 6 12 2 8 13 5 8 9 10 15 1 14 3 16 16 16 16 16 16
0 4 5 7 8 9 1 14 3 16 16 16 16 16 16 16 16 16 16 16 16 16
0 4 2 13 12 5 11 9 1 14 3 16 16 16 16 16 16 16 16 16 16 16
0 4 2 5 13 9 1 14 3 16 16 16 16 16 16 16 16 16 16 16 16 16
0 4 8 5 7 1 9 2 11 14 3 16 16 16 16 16 16 16 16 16 16 16
0 4 2 7 9 1 14 2 3 16 16 16 16 16 16 16 16 16 16 16 16 16
0 4 2 12 5 9 1 14 3 16 16 16 16 16 16 16 16 16 16 16 16 16
0 4 8 13 5 12 2 9 1 14 3 16 16 16 16 16 16 16 16 16 16 16
0 4 5 13 9 7 1 14 8 2 3 16 16 16 16 16 16 16 16 16 16 16
0 4 8 12 13 5 9 1 1 14 2 3 16 16 16 16 16 16 16 16 16 16
0 4 8 12 5 13 8 7 12 9 1 1 14 10 3 16 16 16 16 16 16 16
0 4 2 5 13 9 1 14 3 16 16 16 16 16 16 16 16 16 16 16 16 16
0 4 8 13 5 12 2 9 1 14 3 16 16 16 16 16 16 16 16 16 16 16
0 4 2 12 5 9 1 14 3 16 16 16 16 16 16 16 16 16 16 16 16 16
0 4 5 13 9 1 14 3 16 16 16 16 16 16 16 16 16 16 16 16 16 16
0 4 5 7 6 12 8 8 13 6 9 1 1 14 3 16 16 16 16 16 16 16
0 4 8 12 13 5 9 1 1 14 2 3 16 16 16 16 16 16 16 16 16 16
0 4 2 5 13 9 1 14 3 16 16 16 16 16 16 16 16 16 16 16 16 16
0 4 8 13 5 12 2 9 1 14 3 16 16 16 16 16 16 16 16 16 16 16
