0 4 2 13 12 2 9 1 14 15 15 1 14 3 16 16 16 16 16 16 16 16
0 4 2 6 12 13 12 8 9 9 2 14 3 16 16 16 16 16 16 16 16 16
0 4 2 12 5 13 9 1 14 2 14 2 3 16 16 16 16 16 16 16 16 16
0 4 2 2 6 13 12 2 8 9 1 14 2 1 3 16 16 16 16 16 16 16
0 4 8 5 11 9 1 14 3 16 16 16 16 16 16 16 16 16 16 16 16 16
0 4 7 8 13 12 5 9 1 11 1 14 3 16 16 16 16 16 16 16 16 16
0 4 2 12 2 5 1 9 1 14 3 16 16 16 16 16 16 16 16 16 16 16
0 4 8 5 13 12 9 1 14 2 3 16 16 16 16 16 16 16 16 16 16 16
0 4 5 9 2 1 14 2 3 16 16 16 16 16 16 16 16 16 16 16 16 16
0 4 8 13 12 5 9 1 1 14 3 16 16 16 16 16 16 16 16 16 16 16
0 4 2 5 9 2 11 2 1 1 14 3 16 16 16 16 16 16 16 16 16 16
0 4 8 9 1 14 15 14 1 3 16 16 16 16 16 16 16 16 16 16 16 16
0 4 2 12 5 11 7 9 1 14 3 16 16 16 16 16 16 16 16 16 16 16
0 4 2 6 13 7 12 12 8 5 9 2 1 14 3 16 16 16 16 16 16 16
0 4 7 7 5 9 14 15 1 14 3 16 16 16 16 16 16 16 16 16 16 16
0 4 2 12 5 11 9 1 14 2 3 16 16 16 16 16 16 16 16 16 16 16
0 4 8 5 1 9 13 1 14 2 3 16 16 16 16 16 16 16 16 16 16 16
0 4 13 12 2 12 2 2 5 1 5 5 9 1 7 2 14 2 3 16 16 16
0 4 7 12 5 7 9 1 14 3 16 16 16 16 16 16 16 16 16 16 16 16
0 4 2 2 12 13 12 2 8 2 9 1 14 2 2 3 16 16 16 16 16 16
0 4 2 13 12 5 12 2 9 14 3 16 16 16 16 16 16 16 16 16 16 16
0 4 12 1 2 12 5 9 1 14 2 3 16 16 16 16 16 16 16 16 16 16
0 4 6 12 5 11 11 9 1 14 3 16 16 16 16 16 16 16 16 16 16 16
0 0 4 2 2 12 12 6 13 5 2 9 1 14 14 3 16 16 16 16 16 16
0 4 2 13 12 5 9 1 14 2 3 16 16 16 16 16 16 16 16 16 16 16
0 4 2 12 13 12 2 11 1 9 1 14 10 3 16 16 16 16 16 16 16 16
0 4 13 2 6 12 12 5 8 9 1 14 3 16 16 16 16 16 16 16 16 16
0 4 5 11 9 1 14 3 16 16 16 16 16 16 16 16 16 16 16 16 16 16
0 4 8 2 13 12 5 1 9 1 14 1 3 16 16 16 16 16 16 16 16 16
0 4 8 12 2 12 8 5 9 1 16 2 2 14 3 16 16 16 16 16 16 16
0 4 7 5 11 9 1 14 3 16 16 16 16 16 16 16 16 16 16 16 16 16
0 4 7 13 8 5 2 9 1 14 3 16 16 16 16 16 16 16 16 16 16 16
0 4 2 13 12 5 12 2 9 11 11 14 1 3 16 16 16 16 16 16 16 16
0 4 2 9 1 1 1 14 1 14 3 16 16 16 16 16 16 16 16 16 16 16
0 4 8 2 5 9 6 9 1 14 2 3 16 16 16 16 16 16 16 16 16 16
0 4 8 12 2 13 8 5 9 11 9 14 1 14 3 16 16 16 16 16 16 16
0 4 5 12 2 12 2 5 9 7 1 1 14 15 16 16 16 16 16 16 16 16
0 4 2 12 5 5 1 9 1 14 3 16 16 16 16 16 16 16 16 16 16 16
0 4 8 2 5 13 9 1 14 15 3 16 16 16 16 16 16 16 16 16 16 16
0 4 2 13 6 12 2 9 1 1 14 3 16 16 16 16 16 16 16 16 16 16
0 8 8 13 5 9 1 14 3 16 16 16 16 16 16 16 16 16 16 16 16 16
0 4 2 2 13 12 5 11 9 1 8 14 3 16 16 16 16 16 16 16 16 16
0 4 2 13 5 12 9 14 1 14 2 2 3 16 16 16 16 16 16 16 16 16
0 4 5 2 12 7 9 11 9 1 10 14 3 16 16 16 16 16 16 16 16 16
0 4 8 9 2 1 14 2 3 16 16 16 16 16 16 16 16 16 16 16 16 16
0 4 8 13 6 5 2 9 1 14 2 3 16 16 16 16 16 16 16 16 16 16
0 4 8 5 11 7 9 1 1 14 3 16 16 16 16 16 16 16 16 16 16 16
0 4 5 12 1 5 7 9 1 14 3 16 16 16 16 16 16 16 16 16 16 16
0 4 5 13 9 14 1 14 3 16 16 16 16 16 16 16 16 16 16 16 16 16
0 4 0 4 7 5 9 1 14 14 3 16 16 16 16 16 16 16 16 16 16 16
0 4 2 12 5 13 14 1 2 9 1 15 14 2 3 16 16 16 16 16 16 16
0 4 2 5 11 11 1 9 1 14 1 3 16 16 16 16 16 16 16 16 16 16
0 4 8 8 12 8 5 11 9 1 14 1 3 16 16 16 16 16 16 16 16 16
0 4 12 8 2 13 12 2 2 5 9 1 14 3 16 16 16 16 16 16 16 16
0 4 2 13 12 5 9 1 14 3 16 16 16 16 16 16 16 16 16 16 16 16
0 4 2 9 1 14 15 1 14 3 16 16 16 16 16 16 16 16 16 16 16 16
0 4 8 7 13 2 7 5 9 6 1 14 2 3 16 16 16 16 16 16 16 16
0 4 2 7 5 7 8 2 9 1 14 1 3 16 16 16 16 16 16 16 16 16
0 4 5 9 11 9 1 14 3 16 16 16 16 16 16 16 16 16 16 16 16 16
0 4 2 13 12 2 2 2 5 9 14 3 16 16 16 16 16 16 16 16 16 16
0 4 2 13 12 5 9 1 1 14 3 16 16 16 16 16 16 16 16 16 16 16
0 4 8 13 12 5 9 1 1 14 10 14 2 14 3 16 16 16 16 16 16 16
0 4 8 12 12 5 1 9 1 1 14 2 3 16 16 16 16 16 16 16 16 16
0 4 2 13 12 2 12 9 1 1 14 3 16 16 16 16 16 16 16 16 16 16
0 4 2 12 2 5 13 9 1 1 14 3 16 16 16 16 16 16 16 16 16 16
0 4 5 12 6 2 6 12 7 9 1 14 10 3 16 16 16 16 16 16 16 16
0 4 2 13 2 12 6 5 7 2 9 1 14 3 16 16 16 16 16 16 16 16
0 4 2 12 5 11 9 1 9 2 3 16 16 16 16 16 16 16 16 16 16 16
0 4 2 12 6 12 5 13 11 9 1 1 14 15 3 16 16 16 16 16 16 16
0 4 12 2 13 12 5 2 9 1 1 1 14 3 16 16 16 16 16 16 16 16
0 4 2 12 5 8 12 9 1 14 3 16 16 16 16 16 16 16 16 16 16 16
0 4 8 2 12 2 6 5 1 3 16 16 16 16 16 16 16 16 16 16 16 16
0 4 2 12 5 11 9 1 1 14 3 16 16 16 16 16 16 16 16 16 16 16
0 4 2 12 8 13 9 1 1 14 1 14 16 16 16 16 16 16 16 16 16 16
0 4 8 12 12 5 12 2 12 6 9 1 14 3 16 16 16 16 16 16 16 16
0 4 2 13 2 12 5 2 9 1 14 3 16 16 16 16 16 16 16 16 16 16
0 4 2 13 12 5 11 9 1 14 3 16 16 16 16 16 16 16 16 16 16 16
0 4 2 12 5 13 9 16 16 16 16 16 16 16 16 16 16 16 16 16 16 16
0 4 2 12 6 12 5 6 9 1 14 3 16 16 16 16 16 16 16 16 16 16
0 4 13 5 2 1 9 3 16 16 16 16 16 16 16 16 16 16 16 16 16 16
0 4 13 2 7 2 12 9 2 2 11 9 14 2 3 16 16 16 16 16 16 16
0 4 2 5 2 12 1 11 9 1 2 14 3 15 1 8 11 3 16 16 16 16
0 4 2 12 5 12 5 1 9 1 14 3 16 16 16 16 16 16 16 16 16 16
0 4 5 12 2 12 2 12 2 2 9 1 14 2 3 16 16 16 16 16 16 16
0 4 2 13 12 5 9 11 14 4 8 3 16 16 16 16 16 16 16 16 16 16
0 4 7 6 13 12 5 2 9 1 2 1 14 3 16 16 16 16 16 16 16 16
0 4 2 13 2 6 8 5 6 12 1 11 11 2 9 2 9 14 1 14 3 16
0 4 2 13 12 5 1 9 1 14 14 3 16 16 16 16 16 16 16 16 16 16
0 4 2 7 6 5 12 5 9 2 1 14 3 16 16 16 16 16 16 16 16 16
0 4 2 12 2 12 2 12 5 11 5 9 1 14 8 10 2 12 1 3 16 16
0 4 2 12 7 13 11 12 9 1 1 1 14 2 2 3 16 16 16 16 16 16
0 4 1 12 8 2 7 5 11 8 9 1 14 2 3 16 16 16 16 16 16 16
0 4 8 2 12 12 5 11 9 1 14 2 14 10 2 3 16 16 16 16 16 16
0 4 2 12 5 1 8 9 11 1 14 2 3 16 16 16 16 16 16 16 16 16
0 4 2 12 6 12 5 11 9 1 14 2 3 16 16 10 16 16 16 16 16 16
0 4 8 12 8 2 12 5 9 1 1 14 14 2 3 16 16 16 16 16 16 16
0 4 2 12 2 13 8 5 9 1 14 3 16 16 16 16 16 16 16 16 16 16
0 4 2 5 9 10 14 2 3 16 16 16 16 16 16 16 16 16 16 16 16 16
0 4 2 13 2 12 6 9 1 1 14 2 3 16 16 16 16 16 16 16 16 16
0 4 7 13 12 5 1 9 1 1 14 15 3 16 16 16 16 16 16 16 16 16
