0 15 3 6 14 13 12 1 4 10 12 7 16 16 16 16 16 16 16 16 16 16
0 15 6 14 12 3 12 9 1 4 4 10 7 16 16 16 16 16 16 16 16 16
0 15 3 6 13 3 12 3 9 12 14 1 4 10 7 16 16 16 16 16 16 16
0 15 12 9 8 14 12 12 12 1 4 10 7 16 16 16 16 16 16 16 16 16
0 15 3 9 13 4 1 10 12 7 16 16 16 16 16 16 16 16 16 16 16 16
0 15 12 6 12 9 13 11 14 1 4 12 4 5 2 7 16 16 16 16 16 16
0 15 3 6 3 13 14 9 3 1 12 4 10 2 5 7 16 16 16 16 16 16
0 15 6 13 11 3 9 8 1 12 4 10 5 7 16 16 16 16 16 16 16 16
0 15 3 11 13 9 1 4 4 10 7 16 16 16 16 16 16 16 16 16 16 16
0 15 12 11 6 14 3 13 9 12 8 4 1 7 16 16 16 16 16 16 16 16
0 15 3 6 14 9 8 4 12 4 1 10 7 16 16 16 16 16 16 16 16 16
0 15 3 4 13 6 4 12 8 9 14 4 1 10 7 16 16 16 16 16 16 16
0 15 3 9 12 12 8 4 1 4 10 7 16 16 16 16 16 16 16 16 16 16
0 15 3 6 14 12 11 9 1 4 4 10 7 16 16 16 16 16 16 16 16 16
0 15 3 6 9 12 14 1 8 4 10 7 16 16 16 16 16 16 16 16 16 16
0 15 13 3 6 11 14 12 3 12 3 3 9 12 3 1 4 10 12 5 7 16
0 15 6 3 13 11 8 9 1 4 10 12 7 16 16 16 16 16 16 16 16 16
0 15 9 13 11 1 4 10 12 7 16 16 16 16 16 16 16 16 16 16 16 16
0 15 3 13 6 9 3 11 8 1 12 4 10 12 7 16 16 16 16 16 16 16
0 15 3 14 6 1 12 8 4 10 7 16 16 16 16 16 16 16 16 16 16 16
0 15 13 12 14 9 6 1 2 4 4 10 7 16 16 16 16 16 16 16 16 16
0 15 13 8 1 12 4 10 7 16 16 16 16 16 16 16 16 16 16 16 16 16
0 15 3 13 6 14 3 12 9 4 4 1 2 5 10 7 16 16 16 16 16 16
0 15 3 6 9 14 12 1 4 10 7 16 16 16 16 16 16 16 16 16 16 16
0 15 12 9 8 1 4 10 7 16 16 16 16 16 16 16 16 16 16 16 16 16
0 15 12 12 6 12 9 8 12 1 4 12 4 7 16 16 16 16 16 16 16 16
0 15 13 14 6 3 3 9 12 4 8 1 4 10 7 16 16 16 16 16 16 16
0 15 3 12 9 6 11 1 4 10 4 7 16 16 16 16 16 16 16 16 16 16
0 15 6 3 3 12 9 12 1 7 16 16 16 16 16 16 16 16 16 16 16 16
0 15 13 11 14 9 8 5 1 3 4 10 7 16 16 16 16 16 16 16 16 16
0 15 3 6 14 12 12 12 12 12 12 9 8 1 4 10 12 7 16 16 16 16
0 15 6 14 12 9 11 4 1 10 7 16 16 16 16 16 16 16 16 16 16 16
0 15 3 3 6 14 9 8 1 4 4 10 12 7 16 16 16 16 16 16 16 16
0 15 3 9 3 11 8 14 1 4 12 10 7 16 16 16 16 16 16 16 16 16
0 15 3 6 12 13 11 14 3 9 8 1 12 4 4 10 2 7 16 16 16 16
0 15 6 3 14 11 12 9 1 8 12 4 10 7 16 16 16 16 16 16 16 16
0 15 12 6 14 4 9 1 10 4 7 16 16 16 16 16 16 16 16 16 16 16
0 15 3 9 8 14 11 1 4 4 10 7 16 16 16 16 16 16 16 16 16 16
0 15 9 13 3 11 3 1 3 4 4 10 7 16 16 16 16 16 16 16 16 16
0 15 12 1 6 9 4 10 7 16 16 16 16 16 16 16 16 16 16 16 16 16
0 15 3 6 12 9 12 14 8 1 4 4 10 7 16 16 16 16 16 16 16 16
0 15 3 13 6 11 14 3 3 3 3 12 1 4 10 7 16 16 16 16 16 16
0 15 3 14 6 9 1 4 4 10 12 7 16 16 16 16 16 16 16 16 16 16
0 15 12 13 9 6 1 4 10 7 16 16 16 16 16 16 16 16 16 16 16 16
0 15 3 13 9 6 3 14 3 4 11 4 1 4 4 10 7 16 16 16 16 16
0 15 6 13 11 14 9 1 4 3 10 7 16 16 16 16 16 16 16 16 16 16
0 15 12 13 6 14 11 9 12 12 1 5 12 4 4 7 16 16 16 16 16 16
0 15 12 13 11 14 6 12 9 8 1 4 10 7 16 16 16 16 16 16 16 16
0 15 9 13 3 1 4 10 7 16 16 16 16 16 16 16 16 16 16 16 16 16
0 15 3 3 13 11 6 12 9 3 3 12 14 3 4 1 4 10 12 7 16 16
0 15 9 6 1 13 4 10 3 12 7 16 16 16 16 16 16 16 16 16 16 16
0 15 12 12 6 13 14 11 3 4 3 4 9 12 1 4 10 7 16 16 16 16
0 15 3 12 3 6 14 9 8 1 12 5 4 10 7 16 16 16 16 16 16 16
0 15 14 3 6 3 9 3 3 1 4 12 10 7 16 16 16 16 16 16 16 16
0 15 12 6 14 1 4 10 7 16 16 16 16 16 16 16 16 16 16 16 16 16
0 15 3 12 14 6 11 9 8 1 4 10 7 16 16 16 16 16 16 16 16 16
0 15 13 6 11 14 3 4 3 4 4 12 1 10 7 16 16 16 16 16 16 16
0 15 12 6 9 14 8 1 5 4 4 10 7 16 16 16 16 16 16 16 16 16
0 15 12 9 6 1 4 10 7 16 16 16 16 16 16 16 16 16 16 16 16 16
0 15 12 14 9 6 11 13 1 4 4 10 7 16 16 16 16 16 16 16 16 16
0 15 3 6 14 12 9 13 4 12 8 1 4 10 7 16 16 16 16 16 16 16
0 15 6 14 3 4 4 9 13 1 4 4 10 12 5 7 16 16 16 16 16 16
0 15 12 12 14 9 1 4 4 10 7 16 16 16 16 16 16 16 16 16 16 16
0 15 12 6 14 13 9 12 1 10 7 16 16 16 16 16 16 16 16 16 16 16
0 15 13 14 9 3 12 3 1 12 4 10 7 16 16 16 16 16 16 16 16 16
0 15 12 6 14 11 4 13 1 9 4 10 7 16 16 16 16 16 16 16 16 16
0 15 3 9 4 4 1 12 8 10 2 7 16 16 16 16 16 16 16 16 16 16
0 15 3 9 11 14 6 4 13 1 4 4 10 2 7 16 16 16 16 16 16 16
0 15 12 6 14 9 13 1 4 2 10 7 16 16 16 16 16 16 16 16 16 16
0 15 12 6 14 12 12 3 12 1 4 4 5 10 7 16 16 16 16 16 16 16
0 15 12 14 6 9 12 4 1 2 11 10 7 16 16 16 16 16 16 16 16 16
0 15 6 14 3 12 1 4 4 10 2 7 16 16 16 16 16 16 16 16 16 16
0 15 12 9 6 1 4 10 7 16 16 16 16 16 16 16 16 16 16 16 16 16
0 15 12 13 6 1 10 4 2 2 7 16 16 16 16 16 16 16 16 16 16 16
0 15 3 12 6 14 3 9 8 1 4 12 7 16 16 16 16 16 16 16 16 16
0 15 12 6 14 11 13 12 12 12 12 12 3 1 9 12 4 10 2 7 16 16
0 15 12 6 14 13 12 9 8 1 11 4 10 7 16 16 16 16 16 16 16 16
0 15 3 13 6 9 8 11 1 2 4 12 10 7 16 16 16 16 16 16 16 16
0 15 9 3 4 8 12 4 1 2 10 7 16 16 16 16 16 16 16 16 16 16
0 15 3 12 6 14 9 8 11 1 4 10 7 16 16 16 16 16 16 16 16 16
0 15 3 9 6 4 12 13 4 1 4 10 7 16 16 16 16 16 16 16 16 16
0 15 3 11 14 6 12 9 1 10 4 7 16 16 16 16 16 16 16 16 16 16
0 15 3 9 14 3 12 6 12 1 8 10 4 7 16 16 16 16 16 16 16 16
0 15 12 14 12 6 13 11 9 8 1 10 4 7 16 16 16 16 16 16 16 16
0 15 3 9 11 6 8 14 1 12 4 10 7 16 16 16 16 16 16 16 16 16
0 15 12 14 6 11 9 13 4 1 5 5 4 5 8 10 7 16 16 16 16 16
0 15 3 13 6 9 12 14 1 4 10 7 16 16 16 16 16 16 16 16 16 16
0 15 13 6 14 3 12 9 1 4 10 12 7 16 16 16 16 16 16 16 16 16
0 15 6 11 13 3 3 3 9 8 1 4 4 12 10 7 16 16 16 16 16 16
0 15 12 6 11 14 9 4 8 4 1 4 10 7 16 16 16 16 16 16 16 16
0 15 12 13 3 11 12 6 14 9 12 1 4 10 7 16 16 16 16 16 16 16
0 15 3 9 14 12 11 6 13 12 4 10 1 8 7 16 16 16 16 16 16 16
0 15 12 14 11 6 9 8 4 1 10 7 16 16 16 16 16 16 16 16 16 16
0 15 12 6 14 9 8 1 4 10 7 16 16 16 16 16 16 16 16 16 16 16
0 15 3 12 6 11 14 13 3 3 3 8 9 12 1 4 5 10 7 16 16 16
0 15 12 6 13 14 9 8 1 2 4 10 7 16 16 16 16 16 16 16 16 16
0 15 12 14 9 1 4 10 7 16 16 16 16 16 16 16 16 16 16 16 16 16
0 15 11 6 9 14 12 13 8 4 1 2 5 10 7 16 16 16 16 16 16 16
0 15 12 14 9 13 11 6 8 1 4 10 7 16 16 16 16 16 16 16 16 16
0 15 12 9 13 6 1 5 8 4 10 7 16 16 16 16 16 16 16 16 16 16
0 15 14 9 1 8 12 4 10 7 16 16 16 16 16 16 16 16 16 16 16 16
