1 -1 2 -1 3 -1 3 -1 3 -1 4 -1 5 -1 6 -1 7 -1 8 -1 9 -1 10 -1 11 -1 12 -1 13 -1 14 -1 13 -1 15 -1 16 -1 9 -1 10 -1 11 -1 17 -1 13 -1 13 -1 18 -1 15 -1 15 -1 19 -1 20 -1 21 -1 22 -1 23 -1 24 -1 25 -1 26 -1 27 -1 28 -1 29 -1 23 -1 30 -1 31 -1 29 -1 30 -1 32 -1 33 -1 16 -1 34 -1 35 -1 29 -1 36 -1 37 -1 38 -1 39 -1 40 -1 41 -1 42 -1 43 -1 44 -1 43 -1 45 -1 46 -1 45 -1 48 -1 49 -1 45 -1 46 -1 48 -1 49 -1 50 -1 48 -1 51 -1 48 -1 49 -1 48 -1 49 -1 48 -1 49 -1 51 -1 52 -1 53 -1 50 -1 54 -1 50 -1 55 -1 56 -1 57 -1 58 -1 57 -1 58 -1 57 -1 58 -1 59 -1 45 -1 46 -1 60 -1 1 -1 61 -1 62 -1 63 -1 -2
1 -1 2 -1 3 -1 5 -1 4 -1 6 -1 61 -1 7 -1 8 -1 18 -1 12 -1 19 -1 14 -1 23 -1 20 -1 27 -1 64 -1 17 -1 23 -1 65 -1 29 -1 24 -1 25 -1 26 -1 48 -1 49 -1 45 -1 48 -1 49 -1 33 -1 66 -1 32 -1 31 -1 30 -1 31 -1 35 -1 34 -1 35 -1 36 -1 67 -1 35 -1 36 -1 68 -1 41 -1 39 -1 40 -1 42 -1 69 -1 43 -1 43 -1 50 -1 44 -1 70 -1 48 -1 49 -1 45 -1 46 -1 49 -1 48 -1 51 -1 15 -1 13 -1 65 -1 71 -1 72 -1 69 -1 73 -1 55 -1 56 -1 57 -1 58 -1 52 -1 74 -1 41 -1 35 -1 42 -1 63 -1 -2
2 -1 1 -1 5 -1 4 -1 61 -1 7 -1 23 -1 12 -1 18 -1 19 -1 20 -1 14 -1 13 -1 15 -1 31 -1 30 -1 67 -1 38 -1 28 -1 17 -1 13 -1 23 -1 3 -1 15 -1 32 -1 29 -1 35 -1 41 -1 64 -1 27 -1 42 -1 43 -1 23 -1 48 -1 44 -1 48 -1 9 -1 10 -1 49 -1 69 -1 73 -1 72 -1 71 -1 69 -1 68 -1 13 -1 15 -1 48 -1 49 -1 45 -1 45 -1 45 -1 48 -1 49 -1 51 -1 45 -1 48 -1 49 -1 46 -1 34 -1 16 -1 39 -1 33 -1 40 -1 55 -1 56 -1 57 -1 58 -1 59 -1 45 -1 45 -1 68 -1 68 -1 68 -1 50 -1 50 -1 50 -1 60 -1 63 -1 -2
2 -1 2 -1 3 -1 1 -1 4 -1 5 -1 7 -1 61 -1 3 -1 12 -1 9 -1 10 -1 11 -1 14 -1 18 -1 17 -1 13 -1 65 -1 15 -1 33 -1 29 -1 29 -1 30 -1 31 -1 24 -1 25 -1 66 -1 35 -1 16 -1 36 -1 37 -1 76 -1 9 -1 10 -1 39 -1 40 -1 69 -1 42 -1 43 -1 70 -1 49 -1 48 -1 45 -1 48 -1 49 -1 69 -1 77 -1 19 -1 71 -1 20 -1 77 -1 14 -1 55 -1 56 -1 57 -1 58 -1 59 -1 34 -1 14 -1 11 -1 45 -1 71 -1 16 -1 71 -1 35 -1 71 -1 35 -1 71 -1 71 -1 29 -1 43 -1 49 -1 48 -1 45 -1 35 -1 71 -1 55 -1 59 -1 57 -1 58 -1 56 -1 57 -1 58 -1 57 -1 58 -1 57 -1 56 -1 57 -1 71 -1 29 -1 48 -1 49 -1 29 -1 64 -1 27 -1 68 -1 68 -1 71 -1 68 -1 50 -1 63 -1 -2
1 -1 3 -1 2 -1 2 -1 3 -1 4 -1 5 -1 61 -1 3 -1 8 -1 7 -1 18 -1 12 -1 9 -1 10 -1 15 -1 29 -1 13 -1 32 -1 21 -1 22 -1 28 -1 31 -1 30 -1 35 -1 33 -1 36 -1 37 -1 14 -1 39 -1 34 -1 40 -1 17 -1 41 -1 42 -1 43 -1 44 -1 16 -1 45 -1 64 -1 27 -1 48 -1 49 -1 69 -1 71 -1 45 -1 46 -1 48 -1 49 -1 51 -1 45 -1 46 -1 78 -1 79 -1 56 -1 74 -1 55 -1 56 -1 57 -1 58 -1 48 -1 45 -1 69 -1 71 -1 63 -1 -2
2 -1 3 -1 2 -1 3 -1 1 -1 2 -1 2 -1 3 -1 5 -1 4 -1 61 -1 8 -1 7 -1 3 -1 12 -1 9 -1 10 -1 11 -1 18 -1 33 -1 23 -1 13 -1 33 -1 32 -1 23 -1 15 -1 28 -1 24 -1 25 -1 35 -1 16 -1 37 -1 14 -1 9 -1 10 -1 11 -1 16 -1 31 -1 30 -1 17 -1 33 -1 29 -1 39 -1 40 -1 41 -1 42 -1 43 -1 34 -1 44 -1 45 -1 49 -1 48 -1 71 -1 71 -1 69 -1 69 -1 50 -1 69 -1 50 -1 55 -1 56 -1 57 -1 57 -1 58 -1 74 -1 27 -1 64 -1 63 -1 -2
1 -1 3 -1 2 -1 6 -1 4 -1 5 -1 7 -1 61 -1 12 -1 12 -1 64 -1 27 -1 23 -1 15 -1 13 -1 14 -1 26 -1 24 -1 32 -1 21 -1 25 -1 66 -1 30 -1 31 -1 17 -1 18 -1 29 -1 23 -1 23 -1 35 -1 33 -1 23 -1 68 -1 34 -1 68 -1 68 -1 36 -1 37 -1 37 -1 36 -1 67 -1 38 -1 39 -1 33 -1 40 -1 41 -1 56 -1 42 -1 50 -1 43 -1 43 -1 44 -1 45 -1 45 -1 46 -1 29 -1 49 -1 48 -1 48 -1 51 -1 69 -1 71 -1 55 -1 56 -1 57 -1 58 -1 59 -1 58 -1 23 -1 29 -1 78 -1 79 -1 49 -1 48 -1 48 -1 45 -1 49 -1 63 -1 -2
4 -1 5 -1 1 -1 61 -1 18 -1 65 -1 7 -1 14 -1 12 -1 65 -1 19 -1 32 -1 13 -1 64 -1 15 -1 17 -1 3 -1 29 -1 9 -1 10 -1 16 -1 53 -1 9 -1 10 -1 11 -1 54 -1 24 -1 24 -1 25 -1 66 -1 31 -1 28 -1 33 -1 30 -1 35 -1 16 -1 37 -1 36 -1 39 -1 40 -1 41 -1 68 -1 42 -1 43 -1 44 -1 70 -1 34 -1 45 -1 46 -1 49 -1 48 -1 77 -1 77 -1 72 -1 71 -1 73 -1 69 -1 55 -1 56 -1 57 -1 58 -1 59 -1 43 -1 27 -1 35 -1 50 -1 50 -1 82 -1 29 -1 14 -1 63 -1 -2
2 -1 3 -1 1 -1 4 -1 5 -1 3 -1 61 -1 35 -1 9 -1 11 -1 10 -1 14 -1 7 -1 8 -1 16 -1 12 -1 9 -1 11 -1 10 -1 17 -1 29 -1 32 -1 23 -1 13 -1 18 -1 15 -1 28 -1 11 -1 16 -1 31 -1 27 -1 64 -1 30 -1 35 -1 33 -1 56 -1 35 -1 36 -1 39 -1 23 -1 40 -1 41 -1 34 -1 35 -1 35 -1 42 -1 43 -1 44 -1 70 -1 45 -1 48 -1 49 -1 29 -1 49 -1 48 -1 45 -1 51 -1 46 -1 69 -1 71 -1 69 -1 71 -1 55 -1 56 -1 57 -1 57 -1 58 -1 59 -1 48 -1 69 -1 57 -1 57 -1 55 -1 71 -1 71 -1 74 -1 50 -1 50 -1 43 -1 63 -1 -2
2 -1 3 -1 3 -1 1 -1 4 -1 5 -1 54 -1 64 -1 61 -1 7 -1 8 -1 3 -1 18 -1 9 -1 10 -1 12 -1 11 -1 14 -1 32 -1 19 -1 20 -1 17 -1 13 -1 15 -1 16 -1 13 -1 27 -1 13 -1 15 -1 28 -1 31 -1 30 -1 34 -1 35 -1 36 -1 76 -1 41 -1 42 -1 43 -1 41 -1 50 -1 41 -1 43 -1 44 -1 39 -1 40 -1 50 -1 38 -1 67 -1 69 -1 71 -1 46 -1 51 -1 69 -1 71 -1 72 -1 45 -1 48 -1 49 -1 60 -1 49 -1 56 -1 41 -1 54 -1 55 -1 57 -1 57 -1 58 -1 41 -1 63 -1 -2
2 -1 3 -1 3 -1 1 -1 3 -1 3 -1 3 -1 3 -1 3 -1 3 -1 64 -1 3 -1 3 -1 3 -1 4 -1 5 -1 7 -1 61 -1 65 -1 23 -1 12 -1 19 -1 20 -1 3 -1 33 -1 10 -1 9 -1 18 -1 14 -1 3 -1 9 -1 11 -1 65 -1 28 -1 24 -1 30 -1 30 -1 29 -1 31 -1 32 -1 31 -1 16 -1 65 -1 68 -1 17 -1 35 -1 34 -1 68 -1 67 -1 38 -1 40 -1 16 -1 39 -1 65 -1 42 -1 43 -1 36 -1 44 -1 45 -1 45 -1 48 -1 49 -1 69 -1 71 -1 41 -1 70 -1 43 -1 55 -1 35 -1 56 -1 57 -1 58 -1 35 -1 68 -1 27 -1 63 -1 -2
3 -1 1 -1 4 -1 5 -1 7 -1 3 -1 8 -1 9 -1 11 -1 10 -1 12 -1 19 -1 14 -1 32 -1 16 -1 9 -1 11 -1 10 -1 20 -1 14 -1 23 -1 16 -1 18 -1 31 -1 30 -1 31 -1 17 -1 23 -1 53 -1 29 -1 65 -1 54 -1 65 -1 64 -1 27 -1 25 -1 26 -1 66 -1 28 -1 34 -1 55 -1 61 -1 58 -1 57 -1 56 -1 57 -1 58 -1 35 -1 36 -1 33 -1 38 -1 39 -1 40 -1 41 -1 43 -1 68 -1 76 -1 70 -1 69 -1 73 -1 71 -1 72 -1 42 -1 35 -1 35 -1 65 -1 50 -1 45 -1 48 -1 49 -1 50 -1 43 -1 45 -1 77 -1 37 -1 48 -1 49 -1 45 -1 35 -1 35 -1 46 -1 51 -1 65 -1 65 -1 65 -1 48 -1 45 -1 48 -1 49 -1 48 -1 45 -1 45 -1 48 -1 49 -1 45 -1 48 -1 49 -1 45 -1 48 -1 49 -1 48 -1 63 -1 -2
3 -1 1 -1 2 -1 1 -1 1 -1 5 -1 4 -1 6 -1 3 -1 3 -1 7 -1 12 -1 32 -1 14 -1 9 -1 11 -1 10 -1 19 -1 18 -1 23 -1 13 -1 17 -1 15 -1 23 -1 29 -1 31 -1 30 -1 64 -1 26 -1 25 -1 24 -1 66 -1 33 -1 27 -1 68 -1 23 -1 23 -1 23 -1 34 -1 23 -1 35 -1 35 -1 36 -1 50 -1 16 -1 38 -1 67 -1 9 -1 10 -1 39 -1 40 -1 41 -1 42 -1 43 -1 50 -1 44 -1 69 -1 73 -1 49 -1 48 -1 71 -1 45 -1 69 -1 71 -1 49 -1 45 -1 48 -1 35 -1 49 -1 48 -1 45 -1 49 -1 48 -1 71 -1 52 -1 16 -1 53 -1 54 -1 55 -1 56 -1 57 -1 58 -1 59 -1 35 -1 40 -1 63 -1 -2
1 -1 1 -1 1 -1 1 -1 3 -1 2 -1 2 -1 5 -1 4 -1 6 -1 7 -1 8 -1 3 -1 9 -1 10 -1 11 -1 12 -1 16 -1 18 -1 65 -1 19 -1 3 -1 20 -1 9 -1 10 -1 11 -1 16 -1 9 -1 10 -1 11 -1 16 -1 14 -1 32 -1 34 -1 30 -1 31 -1 17 -1 22 -1 26 -1 24 -1 3 -1 25 -1 27 -1 64 -1 28 -1 35 -1 33 -1 23 -1 23 -1 71 -1 52 -1 65 -1 53 -1 36 -1 54 -1 65 -1 36 -1 35 -1 68 -1 41 -1 42 -1 43 -1 39 -1 43 -1 40 -1 44 -1 70 -1 70 -1 69 -1 69 -1 50 -1 45 -1 50 -1 48 -1 49 -1 49 -1 48 -1 49 -1 45 -1 48 -1 49 -1 71 -1 69 -1 48 -1 45 -1 49 -1 48 -1 3 -1 9 -1 10 -1 11 -1 71 -1 69 -1 16 -1 9 -1 10 -1 11 -1 16 -1 65 -1 55 -1 56 -1 9 -1 10 -1 11 -1 61 -1 16 -1 56 -1 57 -1 58 -1 57 -1 58 -1 57 -1 58 -1 9 -1 10 -1 11 -1 57 -1 57 -1 58 -1 16 -1 57 -1 59 -1 9 -1 10 -1 11 -1 16 -1 14 -1 9 -1 10 -1 11 -1 60 -1 16 -1 69 -1 9 -1 10 -1 11 -1 65 -1 16 -1 9 -1 10 -1 11 -1 16 -1 48 -1 65 -1 69 -1 9 -1 10 -1 11 -1 65 -1 16 -1 48 -1 9 -1 10 -1 11 -1 65 -1 16 -1 65 -1 9 -1 10 -1 11 -1 16 -1 44 -1 65 -1 78 -1 79 -1 63 -1 -2
1 -1 5 -1 4 -1 7 -1 8 -1 18 -1 29 -1 19 -1 20 -1 15 -1 14 -1 13 -1 15 -1 13 -1 30 -1 31 -1 34 -1 26 -1 22 -1 28 -1 32 -1 17 -1 27 -1 64 -1 23 -1 33 -1 23 -1 23 -1 35 -1 36 -1 35 -1 36 -1 35 -1 68 -1 3 -1 23 -1 39 -1 40 -1 67 -1 3 -1 65 -1 9 -1 11 -1 10 -1 50 -1 52 -1 16 -1 56 -1 50 -1 41 -1 74 -1 12 -1 43 -1 43 -1 44 -1 44 -1 70 -1 44 -1 43 -1 44 -1 70 -1 48 -1 49 -1 51 -1 48 -1 45 -1 48 -1 49 -1 13 -1 45 -1 45 -1 13 -1 45 -1 48 -1 49 -1 48 -1 45 -1 60 -1 45 -1 55 -1 61 -1 57 -1 58 -1 59 -1 69 -1 73 -1 71 -1 72 -1 42 -1 20 -1 20 -1 45 -1 63 -1 -2
1 -1 1 -1 3 -1 2 -1 6 -1 5 -1 4 -1 8 -1 7 -1 3 -1 12 -1 9 -1 11 -1 10 -1 16 -1 28 -1 18 -1 9 -1 11 -1 10 -1 16 -1 19 -1 9 -1 11 -1 10 -1 20 -1 13 -1 32 -1 30 -1 31 -1 14 -1 71 -1 69 -1 17 -1 16 -1 33 -1 38 -1 68 -1 67 -1 76 -1 35 -1 36 -1 39 -1 50 -1 40 -1 41 -1 65 -1 42 -1 42 -1 42 -1 42 -1 42 -1 42 -1 43 -1 43 -1 71 -1 71 -1 72 -1 69 -1 73 -1 27 -1 71 -1 72 -1 71 -1 72 -1 71 -1 72 -1 34 -1 44 -1 23 -1 44 -1 45 -1 46 -1 46 -1 45 -1 48 -1 49 -1 49 -1 51 -1 52 -1 56 -1 76 -1 65 -1 53 -1 35 -1 54 -1 35 -1 35 -1 82 -1 65 -1 55 -1 61 -1 57 -1 56 -1 57 -1 58 -1 48 -1 57 -1 58 -1 57 -1 58 -1 57 -1 48 -1 49 -1 35 -1 60 -1 78 -1 79 -1 63 -1 -2
1 -1 3 -1 2 -1 3 -1 5 -1 4 -1 3 -1 7 -1 9 -1 11 -1 10 -1 14 -1 16 -1 65 -1 12 -1 17 -1 9 -1 11 -1 10 -1 16 -1 23 -1 32 -1 9 -1 11 -1 10 -1 13 -1 16 -1 15 -1 9 -1 11 -1 10 -1 16 -1 18 -1 9 -1 11 -1 10 -1 16 -1 9 -1 11 -1 10 -1 30 -1 31 -1 9 -1 11 -1 10 -1 29 -1 30 -1 16 -1 9 -1 11 -1 10 -1 16 -1 9 -1 11 -1 10 -1 16 -1 9 -1 11 -1 10 -1 33 -1 27 -1 16 -1 24 -1 9 -1 11 -1 10 -1 16 -1 25 -1 66 -1 28 -1 34 -1 35 -1 68 -1 36 -1 36 -1 38 -1 67 -1 53 -1 41 -1 53 -1 54 -1 65 -1 50 -1 39 -1 65 -1 40 -1 65 -1 42 -1 43 -1 50 -1 43 -1 44 -1 72 -1 71 -1 70 -1 69 -1 73 -1 49 -1 48 -1 51 -1 45 -1 46 -1 55 -1 56 -1 56 -1 45 -1 57 -1 58 -1 45 -1 48 -1 49 -1 73 -1 69 -1 45 -1 48 -1 49 -1 82 -1 71 -1 45 -1 49 -1 65 -1 63 -1 -2
3 -1 2 -1 2 -1 3 -1 6 -1 5 -1 4 -1 3 -1 9 -1 10 -1 12 -1 18 -1 17 -1 32 -1 14 -1 19 -1 33 -1 29 -1 20 -1 13 -1 15 -1 13 -1 13 -1 50 -1 30 -1 50 -1 31 -1 24 -1 26 -1 14 -1 66 -1 28 -1 27 -1 13 -1 77 -1 34 -1 35 -1 35 -1 35 -1 36 -1 37 -1 38 -1 67 -1 76 -1 65 -1 69 -1 73 -1 16 -1 52 -1 53 -1 65 -1 56 -1 41 -1 41 -1 54 -1 42 -1 43 -1 44 -1 69 -1 73 -1 71 -1 72 -1 71 -1 70 -1 45 -1 48 -1 49 -1 55 -1 35 -1 56 -1 56 -1 57 -1 58 -1 57 -1 58 -1 59 -1 39 -1 65 -1 40 -1 78 -1 50 -1 79 -1 50 -1 50 -1 50 -1 61 -1 14 -1 60 -1 63 -1 -2
1 -1 2 -1 3 -1 4 -1 5 -1 10 -1 6 -1 16 -1 14 -1 23 -1 17 -1 18 -1 7 -1 32 -1 12 -1 23 -1 65 -1 15 -1 13 -1 31 -1 33 -1 30 -1 64 -1 3 -1 65 -1 21 -1 27 -1 26 -1 29 -1 25 -1 24 -1 66 -1 28 -1 9 -1 10 -1 11 -1 65 -1 16 -1 21 -1 34 -1 35 -1 36 -1 38 -1 76 -1 38 -1 76 -1 23 -1 67 -1 76 -1 76 -1 37 -1 41 -1 42 -1 23 -1 42 -1 43 -1 70 -1 44 -1 69 -1 73 -1 44 -1 69 -1 73 -1 71 -1 72 -1 20 -1 48 -1 49 -1 51 -1 48 -1 48 -1 15 -1 46 -1 45 -1 13 -1 45 -1 48 -1 49 -1 45 -1 55 -1 56 -1 65 -1 57 -1 58 -1 57 -1 59 -1 61 -1 65 -1 52 -1 53 -1 36 -1 76 -1 76 -1 67 -1 50 -1 50 -1 53 -1 54 -1 76 -1 43 -1 36 -1 69 -1 48 -1 45 -1 49 -1 71 -1 82 -1 78 -1 79 -1 60 -1 63 -1 -2
2 -1 64 -1 3 -1 4 -1 5 -1 7 -1 61 -1 65 -1 18 -1 12 -1 15 -1 32 -1 13 -1 27 -1 31 -1 17 -1 30 -1 24 -1 25 -1 66 -1 28 -1 33 -1 53 -1 35 -1 34 -1 36 -1 38 -1 67 -1 36 -1 39 -1 65 -1 40 -1 65 -1 41 -1 42 -1 43 -1 44 -1 44 -1 51 -1 49 -1 48 -1 46 -1 45 -1 70 -1 70 -1 69 -1 73 -1 71 -1 72 -1 69 -1 71 -1 46 -1 45 -1 48 -1 49 -1 51 -1 55 -1 56 -1 57 -1 58 -1 57 -1 58 -1 58 -1 57 -1 56 -1 59 -1 56 -1 57 -1 59 -1 53 -1 65 -1 54 -1 82 -1 45 -1 49 -1 48 -1 42 -1 69 -1 82 -1 65 -1 82 -1 35 -1 36 -1 43 -1 41 -1 35 -1 69 -1 42 -1 69 -1 73 -1 48 -1 49 -1 35 -1 65 -1 55 -1 63 -1 -2
2 -1 3 -1 1 -1 6 -1 5 -1 4 -1 10 -1 12 -1 12 -1 19 -1 20 -1 13 -1 10 -1 18 -1 33 -1 15 -1 13 -1 32 -1 30 -1 31 -1 30 -1 26 -1 26 -1 28 -1 35 -1 36 -1 29 -1 14 -1 15 -1 77 -1 77 -1 77 -1 77 -1 17 -1 35 -1 35 -1 35 -1 36 -1 50 -1 42 -1 41 -1 42 -1 43 -1 70 -1 44 -1 34 -1 69 -1 73 -1 69 -1 73 -1 48 -1 49 -1 51 -1 45 -1 46 -1 48 -1 45 -1 49 -1 51 -1 45 -1 46 -1 48 -1 49 -1 51 -1 45 -1 46 -1 71 -1 72 -1 48 -1 49 -1 51 -1 69 -1 69 -1 73 -1 71 -1 72 -1 55 -1 56 -1 57 -1 58 -1 59 -1 48 -1 49 -1 56 -1 61 -1 27 -1 60 -1 50 -1 50 -1 62 -1 48 -1 49 -1 45 -1 45 -1 69 -1 48 -1 49 -1 39 -1 45 -1 40 -1 62 -1 45 -1 68 -1 45 -1 46 -1 45 -1 62 -1 62 -1 68 -1 68 -1 43 -1 68 -1 68 -1 3 -1 3 -1 16 -1 3 -1 10 -1 35 -1 63 -1 -2
2 -1 1 -1 2 -1 3 -1 3 -1 3 -1 5 -1 4 -1 6 -1 3 -1 8 -1 7 -1 61 -1 3 -1 12 -1 9 -1 11 -1 10 -1 15 -1 13 -1 18 -1 15 -1 28 -1 24 -1 14 -1 25 -1 66 -1 26 -1 29 -1 32 -1 17 -1 31 -1 30 -1 35 -1 36 -1 16 -1 33 -1 10 -1 9 -1 34 -1 16 -1 38 -1 64 -1 27 -1 36 -1 9 -1 10 -1 39 -1 40 -1 42 -1 43 -1 44 -1 71 -1 72 -1 69 -1 73 -1 78 -1 45 -1 46 -1 48 -1 49 -1 79 -1 48 -1 49 -1 48 -1 48 -1 49 -1 16 -1 55 -1 56 -1 57 -1 58 -1 59 -1 70 -1 52 -1 56 -1 74 -1 60 -1 35 -1 70 -1 48 -1 49 -1 69 -1 71 -1 45 -1 49 -1 48 -1 48 -1 50 -1 50 -1 35 -1 78 -1 79 -1 63 -1 -2
6 -1 4 -1 5 -1 1 -1 14 -1 29 -1 8 -1 7 -1 23 -1 3 -1 17 -1 30 -1 12 -1 31 -1 19 -1 20 -1 13 -1 15 -1 32 -1 21 -1 22 -1 34 -1 18 -1 9 -1 10 -1 11 -1 16 -1 9 -1 10 -1 11 -1 64 -1 27 -1 11 -1 23 -1 23 -1 23 -1 11 -1 30 -1 31 -1 16 -1 38 -1 67 -1 36 -1 35 -1 41 -1 42 -1 9 -1 10 -1 43 -1 73 -1 69 -1 71 -1 45 -1 48 -1 49 -1 49 -1 48 -1 48 -1 49 -1 48 -1 68 -1 39 -1 40 -1 16 -1 14 -1 9 -1 10 -1 11 -1 35 -1 35 -1 55 -1 56 -1 61 -1 57 -1 58 -1 45 -1 69 -1 71 -1 45 -1 49 -1 48 -1 68 -1 16 -1 50 -1 52 -1 53 -1 53 -1 54 -1 63 -1 -2
3 -1 2 -1 1 -1 4 -1 5 -1 7 -1 61 -1 18 -1 12 -1 29 -1 19 -1 20 -1 13 -1 15 -1 28 -1 32 -1 30 -1 31 -1 14 -1 37 -1 38 -1 76 -1 67 -1 36 -1 39 -1 40 -1 32 -1 36 -1 35 -1 36 -1 41 -1 42 -1 43 -1 68 -1 44 -1 33 -1 45 -1 49 -1 48 -1 73 -1 69 -1 72 -1 71 -1 56 -1 55 -1 57 -1 58 -1 59 -1 49 -1 48 -1 35 -1 71 -1 49 -1 48 -1 50 -1 35 -1 50 -1 18 -1 63 -1 -2
1 -1 4 -1 5 -1 3 -1 3 -1 61 -1 17 -1 29 -1 18 -1 32 -1 7 -1 7 -1 8 -1 64 -1 27 -1 12 -1 56 -1 19 -1 33 -1 20 -1 23 -1 15 -1 13 -1 21 -1 22 -1 24 -1 25 -1 26 -1 66 -1 34 -1 35 -1 36 -1 35 -1 36 -1 76 -1 37 -1 39 -1 40 -1 41 -1 56 -1 74 -1 42 -1 69 -1 73 -1 72 -1 71 -1 43 -1 44 -1 45 -1 46 -1 48 -1 49 -1 51 -1 65 -1 55 -1 57 -1 58 -1 59 -1 59 -1 63 -1 -2
4 -1 5 -1 14 -1 18 -1 17 -1 29 -1 1 -1 7 -1 8 -1 61 -1 12 -1 32 -1 69 -1 73 -1 33 -1 8 -1 7 -1 69 -1 20 -1 13 -1 15 -1 34 -1 50 -1 53 -1 50 -1 53 -1 54 -1 28 -1 19 -1 69 -1 73 -1 69 -1 35 -1 48 -1 64 -1 27 -1 60 -1 42 -1 43 -1 44 -1 71 -1 72 -1 71 -1 72 -1 48 -1 51 -1 49 -1 46 -1 45 -1 55 -1 57 -1 58 -1 59 -1 58 -1 57 -1 56 -1 74 -1 35 -1 41 -1 35 -1 63 -1 -2
1 -1 3 -1 3 -1 2 -1 2 -1 3 -1 4 -1 5 -1 6 -1 18 -1 7 -1 9 -1 11 -1 10 -1 14 -1 12 -1 9 -1 11 -1 10 -1 32 -1 29 -1 17 -1 19 -1 13 -1 11 -1 9 -1 11 -1 10 -1 15 -1 34 -1 33 -1 16 -1 9 -1 11 -1 10 -1 20 -1 33 -1 30 -1 31 -1 21 -1 22 -1 26 -1 11 -1 25 -1 24 -1 66 -1 30 -1 31 -1 23 -1 64 -1 35 -1 27 -1 41 -1 35 -1 65 -1 16 -1 9 -1 11 -1 10 -1 35 -1 36 -1 16 -1 37 -1 76 -1 37 -1 9 -1 10 -1 11 -1 35 -1 36 -1 36 -1 16 -1 9 -1 11 -1 10 -1 41 -1 35 -1 41 -1 41 -1 56 -1 6 -1 42 -1 73 -1 69 -1 9 -1 11 -1 10 -1 71 -1 72 -1 44 -1 43 -1 16 -1 9 -1 11 -1 10 -1 16 -1 9 -1 11 -1 10 -1 43 -1 70 -1 70 -1 45 -1 46 -1 50 -1 50 -1 48 -1 49 -1 48 -1 48 -1 11 -1 49 -1 15 -1 10 -1 55 -1 57 -1 58 -1 59 -1 57 -1 58 -1 61 -1 52 -1 48 -1 65 -1 15 -1 60 -1 53 -1 48 -1 49 -1 54 -1 82 -1 48 -1 49 -1 49 -1 9 -1 10 -1 11 -1 16 -1 60 -1 78 -1 79 -1 63 -1 -2
1 -1 3 -1 2 -1 3 -1 54 -1 4 -1 5 -1 7 -1 12 -1 23 -1 15 -1 17 -1 13 -1 77 -1 18 -1 31 -1 30 -1 26 -1 24 -1 25 -1 34 -1 66 -1 28 -1 32 -1 33 -1 64 -1 3 -1 9 -1 11 -1 10 -1 27 -1 35 -1 16 -1 35 -1 50 -1 34 -1 23 -1 39 -1 40 -1 36 -1 34 -1 41 -1 42 -1 43 -1 68 -1 44 -1 70 -1 48 -1 49 -1 45 -1 69 -1 73 -1 71 -1 72 -1 20 -1 19 -1 56 -1 68 -1 29 -1 34 -1 61 -1 74 -1 34 -1 50 -1 18 -1 68 -1 34 -1 55 -1 29 -1 57 -1 58 -1 59 -1 57 -1 35 -1 34 -1 34 -1 61 -1 63 -1 -2
4 -1 5 -1 23 -1 12 -1 32 -1 42 -1 19 -1 17 -1 18 -1 17 -1 23 -1 18 -1 18 -1 18 -1 28 -1 68 -1 64 -1 27 -1 50 -1 29 -1 34 -1 50 -1 69 -1 71 -1 19 -1 92 -1 19 -1 78 -1 79 -1 17 -1 69 -1 34 -1 34 -1 19 -1 18 -1 69 -1 19 -1 69 -1 35 -1 36 -1 36 -1 60 -1 41 -1 68 -1 34 -1 39 -1 42 -1 40 -1 43 -1 44 -1 17 -1 45 -1 46 -1 48 -1 49 -1 48 -1 51 -1 17 -1 55 -1 56 -1 57 -1 58 -1 56 -1 57 -1 58 -1 59 -1 35 -1 56 -1 57 -1 17 -1 68 -1 69 -1 18 -1 34 -1 17 -1 17 -1 18 -1 18 -1 18 -1 34 -1 18 -1 64 -1 27 -1 34 -1 78 -1 33 -1 34 -1 18 -1 18 -1 34 -1 62 -1 62 -1 34 -1 60 -1 34 -1 34 -1 34 -1 64 -1 27 -1 69 -1 19 -1 34 -1 69 -1 69 -1 69 -1 69 -1 64 -1 27 -1 63 -1 -2
1 -1 64 -1 3 -1 2 -1 4 -1 5 -1 6 -1 3 -1 14 -1 9 -1 11 -1 10 -1 8 -1 7 -1 18 -1 17 -1 12 -1 31 -1 30 -1 30 -1 31 -1 29 -1 19 -1 20 -1 34 -1 20 -1 13 -1 15 -1 65 -1 11 -1 32 -1 11 -1 27 -1 26 -1 28 -1 65 -1 34 -1 33 -1 11 -1 11 -1 34 -1 16 -1 35 -1 36 -1 37 -1 76 -1 36 -1 35 -1 65 -1 41 -1 39 -1 40 -1 34 -1 41 -1 69 -1 73 -1 72 -1 71 -1 42 -1 43 -1 44 -1 46 -1 45 -1 48 -1 51 -1 49 -1 65 -1 34 -1 55 -1 57 -1 58 -1 59 -1 70 -1 61 -1 52 -1 34 -1 56 -1 74 -1 35 -1 35 -1 68 -1 34 -1 50 -1 34 -1 34 -1 63 -1 -2
3 -1 1 -1 3 -1 3 -1 5 -1 4 -1 6 -1 7 -1 7 -1 8 -1 12 -1 29 -1 30 -1 31 -1 30 -1 31 -1 30 -1 19 -1 32 -1 20 -1 14 -1 34 -1 23 -1 15 -1 13 -1 26 -1 17 -1 28 -1 24 -1 66 -1 18 -1 23 -1 33 -1 64 -1 27 -1 34 -1 33 -1 23 -1 23 -1 33 -1 35 -1 35 -1 34 -1 37 -1 50 -1 76 -1 36 -1 50 -1 41 -1 41 -1 50 -1 42 -1 39 -1 68 -1 40 -1 34 -1 73 -1 69 -1 3 -1 71 -1 72 -1 50 -1 9 -1 10 -1 48 -1 49 -1 71 -1 48 -1 49 -1 44 -1 70 -1 48 -1 49 -1 51 -1 46 -1 45 -1 43 -1 55 -1 57 -1 61 -1 58 -1 57 -1 58 -1 57 -1 34 -1 35 -1 59 -1 59 -1 34 -1 19 -1 34 -1 52 -1 78 -1 56 -1 53 -1 16 -1 54 -1 79 -1 34 -1 34 -1 33 -1 63 -1 -2
3 -1 2 -1 1 -1 5 -1 4 -1 3 -1 53 -1 54 -1 7 -1 61 -1 3 -1 12 -1 18 -1 65 -1 3 -1 9 -1 11 -1 10 -1 19 -1 16 -1 9 -1 11 -1 10 -1 14 -1 16 -1 20 -1 32 -1 9 -1 11 -1 10 -1 13 -1 15 -1 17 -1 30 -1 31 -1 28 -1 29 -1 34 -1 33 -1 16 -1 65 -1 34 -1 23 -1 65 -1 34 -1 64 -1 27 -1 35 -1 50 -1 36 -1 17 -1 39 -1 40 -1 65 -1 50 -1 41 -1 42 -1 50 -1 50 -1 43 -1 44 -1 69 -1 73 -1 71 -1 72 -1 45 -1 46 -1 48 -1 49 -1 51 -1 55 -1 56 -1 57 -1 58 -1 59 -1 65 -1 63 -1 -2
3 -1 1 -1 2 -1 3 -1 3 -1 3 -1 4 -1 5 -1 6 -1 12 -1 30 -1 31 -1 30 -1 30 -1 31 -1 19 -1 20 -1 13 -1 15 -1 18 -1 32 -1 30 -1 31 -1 35 -1 36 -1 14 -1 35 -1 39 -1 34 -1 64 -1 27 -1 40 -1 41 -1 76 -1 37 -1 42 -1 43 -1 44 -1 69 -1 73 -1 60 -1 71 -1 72 -1 45 -1 46 -1 14 -1 48 -1 49 -1 51 -1 17 -1 69 -1 50 -1 34 -1 23 -1 69 -1 50 -1 29 -1 34 -1 55 -1 57 -1 58 -1 57 -1 58 -1 57 -1 58 -1 59 -1 59 -1 34 -1 23 -1 61 -1 34 -1 50 -1 78 -1 79 -1 50 -1 50 -1 50 -1 34 -1 33 -1 33 -1 34 -1 62 -1 34 -1 60 -1 63 -1 -2
4 -1 5 -1 92 -1 1 -1 61 -1 23 -1 32 -1 18 -1 3 -1 14 -1 7 -1 8 -1 17 -1 12 -1 29 -1 19 -1 23 -1 9 -1 11 -1 10 -1 20 -1 65 -1 11 -1 13 -1 15 -1 65 -1 30 -1 31 -1 31 -1 35 -1 36 -1 35 -1 36 -1 65 -1 39 -1 39 -1 65 -1 40 -1 65 -1 16 -1 38 -1 34 -1 67 -1 9 -1 10 -1 42 -1 43 -1 68 -1 53 -1 50 -1 54 -1 41 -1 82 -1 42 -1 42 -1 43 -1 50 -1 44 -1 65 -1 45 -1 49 -1 48 -1 23 -1 33 -1 45 -1 45 -1 49 -1 69 -1 71 -1 55 -1 56 -1 23 -1 57 -1 58 -1 69 -1 71 -1 72 -1 65 -1 1 -1 61 -1 56 -1 16 -1 74 -1 1 -1 61 -1 71 -1 64 -1 27 -1 63 -1 -2
1 -1 3 -1 4 -1 5 -1 64 -1 61 -1 7 -1 12 -1 7 -1 23 -1 13 -1 13 -1 32 -1 15 -1 19 -1 29 -1 17 -1 30 -1 18 -1 31 -1 14 -1 17 -1 14 -1 34 -1 17 -1 17 -1 34 -1 17 -1 36 -1 23 -1 33 -1 35 -1 39 -1 27 -1 17 -1 34 -1 42 -1 43 -1 69 -1 72 -1 71 -1 44 -1 55 -1 56 -1 57 -1 58 -1 57 -1 45 -1 48 -1 49 -1 45 -1 40 -1 35 -1 29 -1 34 -1 63 -1 -2
4 -1 5 -1 6 -1 14 -1 35 -1 18 -1 35 -1 17 -1 67 -1 38 -1 1 -1 39 -1 29 -1 40 -1 71 -1 69 -1 69 -1 42 -1 3 -1 42 -1 43 -1 32 -1 35 -1 34 -1 43 -1 43 -1 36 -1 42 -1 43 -1 9 -1 11 -1 10 -1 33 -1 43 -1 42 -1 44 -1 43 -1 43 -1 50 -1 44 -1 16 -1 9 -1 11 -1 10 -1 43 -1 50 -1 48 -1 49 -1 43 -1 44 -1 44 -1 70 -1 45 -1 49 -1 48 -1 49 -1 49 -1 50 -1 49 -1 48 -1 69 -1 64 -1 48 -1 49 -1 45 -1 71 -1 45 -1 46 -1 48 -1 49 -1 43 -1 44 -1 71 -1 2 -1 55 -1 57 -1 57 -1 61 -1 58 -1 58 -1 35 -1 27 -1 52 -1 65 -1 56 -1 53 -1 54 -1 65 -1 60 -1 62 -1 65 -1 48 -1 49 -1 49 -1 51 -1 65 -1 48 -1 49 -1 23 -1 15 -1 64 -1 27 -1 13 -1 63 -1 -2
3 -1 3 -1 2 -1 1 -1 3 -1 3 -1 4 -1 5 -1 7 -1 3 -1 12 -1 9 -1 10 -1 11 -1 18 -1 13 -1 15 -1 17 -1 16 -1 9 -1 10 -1 30 -1 29 -1 31 -1 28 -1 23 -1 36 -1 64 -1 35 -1 33 -1 36 -1 41 -1 71 -1 69 -1 42 -1 29 -1 43 -1 44 -1 53 -1 48 -1 49 -1 45 -1 48 -1 49 -1 54 -1 9 -1 10 -1 11 -1 16 -1 82 -1 14 -1 34 -1 76 -1 65 -1 14 -1 14 -1 55 -1 57 -1 56 -1 57 -1 58 -1 59 -1 55 -1 68 -1 40 -1 39 -1 71 -1 43 -1 74 -1 14 -1 54 -1 68 -1 71 -1 71 -1 50 -1 60 -1 82 -1 29 -1 62 -1 62 -1 63 -1 -2
3 -1 2 -1 6 -1 10 -1 4 -1 5 -1 3 -1 8 -1 7 -1 10 -1 9 -1 11 -1 8 -1 7 -1 16 -1 23 -1 8 -1 7 -1 32 -1 10 -1 9 -1 11 -1 12 -1 18 -1 16 -1 19 -1 10 -1 9 -1 11 -1 20 -1 15 -1 13 -1 33 -1 29 -1 22 -1 22 -1 22 -1 22 -1 14 -1 24 -1 21 -1 25 -1 26 -1 64 -1 27 -1 17 -1 16 -1 66 -1 10 -1 9 -1 11 -1 28 -1 16 -1 10 -1 9 -1 34 -1 23 -1 11 -1 31 -1 30 -1 30 -1 31 -1 30 -1 61 -1 57 -1 58 -1 57 -1 23 -1 3 -1 50 -1 65 -1 10 -1 9 -1 11 -1 68 -1 50 -1 65 -1 65 -1 68 -1 78 -1 79 -1 16 -1 10 -1 9 -1 11 -1 16 -1 10 -1 50 -1 6 -1 50 -1 35 -1 36 -1 39 -1 50 -1 38 -1 40 -1 41 -1 42 -1 43 -1 50 -1 44 -1 44 -1 45 -1 48 -1 49 -1 45 -1 48 -1 49 -1 45 -1 48 -1 49 -1 45 -1 45 -1 48 -1 49 -1 45 -1 46 -1 48 -1 49 -1 51 -1 45 -1 46 -1 48 -1 49 -1 51 -1 45 -1 45 -1 72 -1 71 -1 73 -1 69 -1 70 -1 55 -1 57 -1 58 -1 57 -1 58 -1 59 -1 69 -1 71 -1 35 -1 45 -1 48 -1 49 -1 62 -1 60 -1 52 -1 53 -1 53 -1 54 -1 63 -1 -2
64 -1 1 -1 3 -1 3 -1 2 -1 54 -1 4 -1 5 -1 8 -1 7 -1 61 -1 65 -1 12 -1 18 -1 32 -1 30 -1 31 -1 30 -1 76 -1 29 -1 38 -1 67 -1 33 -1 76 -1 17 -1 31 -1 30 -1 33 -1 19 -1 68 -1 13 -1 15 -1 3 -1 20 -1 9 -1 11 -1 10 -1 16 -1 27 -1 38 -1 37 -1 30 -1 31 -1 9 -1 11 -1 10 -1 50 -1 35 -1 34 -1 16 -1 35 -1 36 -1 37 -1 39 -1 40 -1 9 -1 11 -1 10 -1 41 -1 42 -1 43 -1 44 -1 48 -1 45 -1 49 -1 16 -1 65 -1 56 -1 57 -1 58 -1 55 -1 59 -1 68 -1 65 -1 54 -1 3 -1 65 -1 65 -1 65 -1 3 -1 9 -1 11 -1 10 -1 16 -1 68 -1 27 -1 63 -1 4 -1 54 -1 63 -1 -2
1 -1 1 -1 1 -1 3 -1 2 -1 64 -1 5 -1 4 -1 6 -1 8 -1 7 -1 18 -1 12 -1 32 -1 15 -1 13 -1 28 -1 27 -1 14 -1 30 -1 31 -1 39 -1 17 -1 29 -1 35 -1 23 -1 35 -1 33 -1 14 -1 37 -1 36 -1 68 -1 41 -1 34 -1 42 -1 43 -1 68 -1 69 -1 44 -1 68 -1 45 -1 48 -1 49 -1 45 -1 49 -1 48 -1 45 -1 48 -1 48 -1 49 -1 49 -1 50 -1 48 -1 49 -1 45 -1 69 -1 69 -1 73 -1 60 -1 65 -1 65 -1 55 -1 61 -1 57 -1 58 -1 57 -1 52 -1 53 -1 39 -1 40 -1 54 -1 1 -1 61 -1 78 -1 79 -1 14 -1 62 -1 63 -1 -2
3 -1 2 -1 1 -1 5 -1 4 -1 3 -1 8 -1 7 -1 10 -1 9 -1 11 -1 14 -1 10 -1 9 -1 11 -1 12 -1 29 -1 30 -1 31 -1 17 -1 32 -1 64 -1 27 -1 19 -1 18 -1 20 -1 15 -1 13 -1 56 -1 33 -1 68 -1 74 -1 34 -1 35 -1 35 -1 16 -1 36 -1 37 -1 76 -1 36 -1 41 -1 35 -1 42 -1 10 -1 9 -1 11 -1 16 -1 69 -1 50 -1 43 -1 43 -1 78 -1 41 -1 43 -1 79 -1 44 -1 69 -1 46 -1 45 -1 48 -1 49 -1 51 -1 46 -1 45 -1 69 -1 73 -1 71 -1 72 -1 55 -1 57 -1 58 -1 59 -1 60 -1 69 -1 73 -1 71 -1 72 -1 64 -1 27 -1 64 -1 27 -1 63 -1 -2
3 -1 4 -1 5 -1 32 -1 19 -1 17 -1 20 -1 20 -1 13 -1 15 -1 7 -1 12 -1 30 -1 31 -1 50 -1 34 -1 33 -1 50 -1 64 -1 27 -1 35 -1 36 -1 76 -1 35 -1 36 -1 41 -1 56 -1 41 -1 39 -1 40 -1 42 -1 41 -1 42 -1 43 -1 44 -1 69 -1 69 -1 73 -1 72 -1 71 -1 45 -1 46 -1 51 -1 49 -1 48 -1 56 -1 74 -1 55 -1 57 -1 58 -1 57 -1 57 -1 59 -1 63 -1 -2
1 -1 2 -1 3 -1 2 -1 3 -1 5 -1 4 -1 6 -1 65 -1 65 -1 7 -1 7 -1 65 -1 14 -1 8 -1 9 -1 10 -1 11 -1 12 -1 17 -1 18 -1 32 -1 15 -1 13 -1 16 -1 34 -1 24 -1 9 -1 10 -1 11 -1 25 -1 66 -1 16 -1 31 -1 30 -1 31 -1 23 -1 9 -1 10 -1 11 -1 16 -1 9 -1 10 -1 11 -1 16 -1 52 -1 17 -1 41 -1 56 -1 64 -1 34 -1 33 -1 23 -1 65 -1 53 -1 27 -1 65 -1 33 -1 17 -1 54 -1 33 -1 35 -1 39 -1 65 -1 35 -1 36 -1 40 -1 37 -1 36 -1 76 -1 36 -1 33 -1 35 -1 34 -1 37 -1 76 -1 36 -1 41 -1 33 -1 69 -1 73 -1 72 -1 71 -1 42 -1 43 -1 44 -1 46 -1 45 -1 51 -1 48 -1 49 -1 45 -1 50 -1 64 -1 27 -1 37 -1 36 -1 34 -1 36 -1 65 -1 65 -1 65 -1 55 -1 57 -1 35 -1 57 -1 58 -1 59 -1 24 -1 25 -1 36 -1 76 -1 34 -1 65 -1 55 -1 59 -1 82 -1 68 -1 1 -1 61 -1 35 -1 82 -1 54 -1 50 -1 12 -1 34 -1 50 -1 50 -1 34 -1 34 -1 64 -1 27 -1 48 -1 49 -1 45 -1 29 -1 63 -1 -2
1 -1 4 -1 5 -1 14 -1 7 -1 8 -1 17 -1 23 -1 3 -1 18 -1 7 -1 8 -1 9 -1 11 -1 10 -1 16 -1 29 -1 9 -1 11 -1 10 -1 16 -1 12 -1 32 -1 13 -1 15 -1 28 -1 65 -1 53 -1 33 -1 54 -1 65 -1 55 -1 61 -1 35 -1 34 -1 64 -1 27 -1 65 -1 36 -1 30 -1 31 -1 36 -1 69 -1 71 -1 42 -1 43 -1 68 -1 44 -1 45 -1 48 -1 49 -1 48 -1 49 -1 55 -1 56 -1 57 -1 58 -1 57 -1 58 -1 68 -1 50 -1 39 -1 39 -1 40 -1 50 -1 29 -1 65 -1 63 -1 -2
3 -1 3 -1 1 -1 5 -1 4 -1 6 -1 3 -1 29 -1 7 -1 8 -1 10 -1 9 -1 11 -1 12 -1 14 -1 19 -1 20 -1 23 -1 18 -1 15 -1 13 -1 32 -1 10 -1 9 -1 11 -1 30 -1 17 -1 31 -1 28 -1 34 -1 64 -1 27 -1 16 -1 33 -1 35 -1 36 -1 35 -1 36 -1 10 -1 9 -1 11 -1 41 -1 69 -1 71 -1 69 -1 71 -1 16 -1 42 -1 69 -1 71 -1 43 -1 44 -1 48 -1 49 -1 23 -1 48 -1 45 -1 23 -1 23 -1 45 -1 39 -1 40 -1 60 -1 55 -1 61 -1 56 -1 57 -1 58 -1 59 -1 45 -1 48 -1 49 -1 35 -1 64 -1 27 -1 50 -1 52 -1 53 -1 50 -1 54 -1 36 -1 36 -1 69 -1 63 -1 -2
4 -1 5 -1 3 -1 1 -1 61 -1 57 -1 56 -1 18 -1 19 -1 58 -1 57 -1 14 -1 32 -1 17 -1 65 -1 19 -1 8 -1 7 -1 3 -1 12 -1 19 -1 20 -1 29 -1 13 -1 15 -1 28 -1 65 -1 35 -1 34 -1 78 -1 50 -1 39 -1 33 -1 65 -1 50 -1 40 -1 50 -1 65 -1 67 -1 79 -1 38 -1 41 -1 42 -1 69 -1 73 -1 72 -1 71 -1 69 -1 43 -1 49 -1 48 -1 45 -1 65 -1 3 -1 49 -1 48 -1 44 -1 45 -1 9 -1 11 -1 10 -1 16 -1 65 -1 55 -1 59 -1 58 -1 69 -1 71 -1 56 -1 74 -1 64 -1 27 -1 63 -1 -2
3 -1 2 -1 3 -1 3 -1 3 -1 5 -1 4 -1 54 -1 3 -1 8 -1 7 -1 10 -1 9 -1 11 -1 14 -1 16 -1 10 -1 9 -1 11 -1 12 -1 16 -1 19 -1 32 -1 13 -1 15 -1 10 -1 9 -1 11 -1 20 -1 18 -1 16 -1 32 -1 30 -1 31 -1 30 -1 29 -1 24 -1 25 -1 10 -1 9 -1 11 -1 16 -1 66 -1 35 -1 36 -1 36 -1 39 -1 39 -1 40 -1 29 -1 41 -1 41 -1 42 -1 29 -1 43 -1 43 -1 44 -1 45 -1 46 -1 49 -1 51 -1 48 -1 69 -1 73 -1 72 -1 71 -1 45 -1 55 -1 58 -1 57 -1 56 -1 57 -1 65 -1 32 -1 33 -1 50 -1 65 -1 68 -1 50 -1 50 -1 29 -1 50 -1 50 -1 50 -1 65 -1 50 -1 50 -1 64 -1 27 -1 63 -1 -2
2 -1 1 -1 3 -1 79 -1 4 -1 5 -1 6 -1 8 -1 7 -1 3 -1 9 -1 10 -1 12 -1 23 -1 20 -1 19 -1 13 -1 27 -1 15 -1 32 -1 18 -1 13 -1 31 -1 30 -1 28 -1 14 -1 33 -1 17 -1 35 -1 29 -1 27 -1 64 -1 39 -1 40 -1 38 -1 37 -1 67 -1 34 -1 36 -1 41 -1 56 -1 42 -1 43 -1 44 -1 69 -1 71 -1 71 -1 71 -1 23 -1 45 -1 49 -1 48 -1 51 -1 48 -1 48 -1 49 -1 65 -1 60 -1 65 -1 55 -1 57 -1 58 -1 61 -1 64 -1 52 -1 16 -1 53 -1 54 -1 50 -1 50 -1 50 -1 62 -1 63 -1 -2
2 -1 1 -1 2 -1 3 -1 3 -1 3 -1 2 -1 3 -1 5 -1 4 -1 7 -1 8 -1 12 -1 10 -1 9 -1 11 -1 16 -1 14 -1 32 -1 13 -1 17 -1 15 -1 18 -1 65 -1 77 -1 77 -1 24 -1 25 -1 66 -1 65 -1 29 -1 30 -1 23 -1 31 -1 64 -1 27 -1 68 -1 34 -1 53 -1 33 -1 54 -1 55 -1 61 -1 35 -1 59 -1 35 -1 35 -1 68 -1 37 -1 36 -1 36 -1 65 -1 41 -1 69 -1 73 -1 42 -1 43 -1 45 -1 48 -1 49 -1 51 -1 45 -1 46 -1 39 -1 65 -1 40 -1 65 -1 55 -1 35 -1 35 -1 35 -1 35 -1 65 -1 36 -1 14 -1 68 -1 50 -1 50 -1 50 -1 50 -1 50 -1 50 -1 50 -1 64 -1 27 -1 35 -1 35 -1 35 -1 35 -1 45 -1 45 -1 48 -1 49 -1 35 -1 48 -1 49 -1 45 -1 71 -1 69 -1 63 -1 -2
3 -1 2 -1 1 -1 3 -1 4 -1 5 -1 8 -1 7 -1 12 -1 14 -1 15 -1 32 -1 29 -1 17 -1 10 -1 9 -1 11 -1 16 -1 10 -1 9 -1 11 -1 30 -1 31 -1 30 -1 18 -1 31 -1 65 -1 24 -1 25 -1 66 -1 33 -1 39 -1 65 -1 40 -1 41 -1 34 -1 36 -1 35 -1 35 -1 69 -1 76 -1 16 -1 67 -1 68 -1 10 -1 9 -1 11 -1 42 -1 10 -1 9 -1 11 -1 11 -1 43 -1 43 -1 44 -1 36 -1 70 -1 68 -1 48 -1 45 -1 46 -1 48 -1 49 -1 51 -1 45 -1 46 -1 13 -1 19 -1 20 -1 68 -1 65 -1 55 -1 53 -1 56 -1 57 -1 58 -1 57 -1 58 -1 59 -1 53 -1 54 -1 16 -1 68 -1 36 -1 3 -1 68 -1 10 -1 9 -1 11 -1 50 -1 50 -1 68 -1 11 -1 11 -1 16 -1 63 -1 -2
3 -1 3 -1 2 -1 3 -1 3 -1 2 -1 4 -1 5 -1 54 -1 3 -1 7 -1 29 -1 12 -1 23 -1 15 -1 18 -1 13 -1 17 -1 15 -1 34 -1 78 -1 79 -1 19 -1 20 -1 45 -1 48 -1 49 -1 48 -1 49 -1 22 -1 64 -1 24 -1 19 -1 15 -1 33 -1 20 -1 15 -1 13 -1 13 -1 15 -1 13 -1 26 -1 66 -1 69 -1 43 -1 35 -1 30 -1 31 -1 35 -1 60 -1 68 -1 42 -1 43 -1 59 -1 59 -1 45 -1 46 -1 48 -1 49 -1 51 -1 45 -1 46 -1 48 -1 49 -1 51 -1 69 -1 73 -1 72 -1 71 -1 29 -1 68 -1 39 -1 27 -1 40 -1 68 -1 40 -1 40 -1 40 -1 29 -1 68 -1 55 -1 58 -1 57 -1 35 -1 59 -1 58 -1 59 -1 57 -1 58 -1 19 -1 60 -1 62 -1 50 -1 68 -1 78 -1 79 -1 68 -1 50 -1 50 -1 78 -1 79 -1 60 -1 63 -1 -2
1 -1 2 -1 3 -1 2 -1 64 -1 5 -1 4 -1 61 -1 7 -1 23 -1 12 -1 18 -1 19 -1 29 -1 3 -1 33 -1 10 -1 9 -1 11 -1 23 -1 19 -1 23 -1 20 -1 14 -1 27 -1 13 -1 15 -1 24 -1 32 -1 34 -1 25 -1 16 -1 66 -1 10 -1 9 -1 11 -1 30 -1 31 -1 30 -1 17 -1 16 -1 10 -1 9 -1 11 -1 16 -1 35 -1 68 -1 36 -1 39 -1 40 -1 36 -1 36 -1 37 -1 41 -1 42 -1 43 -1 44 -1 70 -1 70 -1 49 -1 48 -1 50 -1 45 -1 45 -1 69 -1 71 -1 55 -1 35 -1 56 -1 57 -1 58 -1 59 -1 29 -1 65 -1 63 -1 -2
6 -1 4 -1 5 -1 33 -1 32 -1 23 -1 8 -1 7 -1 3 -1 18 -1 12 -1 20 -1 14 -1 28 -1 31 -1 30 -1 29 -1 3 -1 39 -1 10 -1 9 -1 11 -1 40 -1 23 -1 65 -1 14 -1 17 -1 68 -1 19 -1 20 -1 15 -1 13 -1 29 -1 23 -1 65 -1 50 -1 35 -1 50 -1 23 -1 36 -1 65 -1 41 -1 29 -1 42 -1 71 -1 69 -1 42 -1 42 -1 43 -1 44 -1 43 -1 43 -1 49 -1 48 -1 64 -1 27 -1 45 -1 34 -1 46 -1 69 -1 71 -1 65 -1 14 -1 55 -1 56 -1 57 -1 61 -1 58 -1 57 -1 56 -1 57 -1 58 -1 59 -1 48 -1 49 -1 16 -1 52 -1 53 -1 54 -1 65 -1 60 -1 63 -1 -2
4 -1 5 -1 61 -1 64 -1 27 -1 18 -1 32 -1 14 -1 17 -1 3 -1 29 -1 10 -1 9 -1 11 -1 34 -1 30 -1 31 -1 12 -1 19 -1 20 -1 24 -1 25 -1 26 -1 66 -1 35 -1 33 -1 36 -1 16 -1 76 -1 39 -1 40 -1 42 -1 43 -1 44 -1 69 -1 71 -1 45 -1 29 -1 49 -1 48 -1 55 -1 56 -1 57 -1 58 -1 69 -1 71 -1 49 -1 48 -1 45 -1 46 -1 49 -1 48 -1 51 -1 53 -1 54 -1 71 -1 69 -1 71 -1 69 -1 63 -1 -2
2 -1 1 -1 4 -1 5 -1 8 -1 7 -1 61 -1 65 -1 12 -1 14 -1 64 -1 19 -1 15 -1 13 -1 18 -1 15 -1 17 -1 19 -1 65 -1 29 -1 13 -1 32 -1 27 -1 22 -1 24 -1 25 -1 66 -1 30 -1 31 -1 30 -1 65 -1 34 -1 33 -1 35 -1 36 -1 41 -1 41 -1 43 -1 46 -1 45 -1 48 -1 49 -1 51 -1 46 -1 45 -1 77 -1 29 -1 35 -1 36 -1 35 -1 39 -1 40 -1 37 -1 36 -1 65 -1 76 -1 55 -1 35 -1 56 -1 57 -1 58 -1 35 -1 59 -1 35 -1 61 -1 35 -1 63 -1 -2
1 -1 5 -1 4 -1 6 -1 3 -1 8 -1 7 -1 10 -1 9 -1 11 -1 12 -1 19 -1 65 -1 23 -1 10 -1 9 -1 11 -1 13 -1 16 -1 33 -1 10 -1 9 -1 11 -1 16 -1 32 -1 30 -1 31 -1 10 -1 9 -1 11 -1 26 -1 24 -1 25 -1 66 -1 33 -1 29 -1 29 -1 14 -1 18 -1 17 -1 35 -1 23 -1 16 -1 10 -1 9 -1 11 -1 34 -1 64 -1 2 -1 16 -1 10 -1 9 -1 11 -1 27 -1 23 -1 68 -1 16 -1 36 -1 36 -1 39 -1 50 -1 40 -1 67 -1 41 -1 42 -1 43 -1 44 -1 72 -1 71 -1 29 -1 69 -1 73 -1 45 -1 46 -1 51 -1 49 -1 48 -1 20 -1 52 -1 41 -1 56 -1 53 -1 54 -1 65 -1 55 -1 57 -1 61 -1 58 -1 57 -1 58 -1 82 -1 35 -1 78 -1 79 -1 63 -1 -2
1 -1 3 -1 2 -1 3 -1 54 -1 4 -1 5 -1 7 -1 12 -1 17 -1 29 -1 32 -1 3 -1 9 -1 10 -1 11 -1 45 -1 48 -1 49 -1 69 -1 68 -1 30 -1 31 -1 30 -1 11 -1 35 -1 10 -1 9 -1 11 -1 39 -1 73 -1 69 -1 40 -1 11 -1 45 -1 46 -1 42 -1 43 -1 50 -1 10 -1 9 -1 11 -1 42 -1 11 -1 42 -1 73 -1 69 -1 51 -1 48 -1 49 -1 11 -1 45 -1 46 -1 11 -1 11 -1 43 -1 50 -1 70 -1 44 -1 57 -1 58 -1 58 -1 55 -1 57 -1 58 -1 57 -1 58 -1 58 -1 33 -1 59 -1 36 -1 56 -1 54 -1 11 -1 36 -1 36 -1 36 -1 55 -1 61 -1 34 -1 35 -1 65 -1 53 -1 3 -1 10 -1 9 -1 11 -1 10 -1 9 -1 54 -1 64 -1 10 -1 9 -1 82 -1 11 -1 62 -1 11 -1 27 -1 16 -1 50 -1 3 -1 68 -1 10 -1 9 -1 11 -1 16 -1 10 -1 9 -1 68 -1 16 -1 10 -1 9 -1 11 -1 68 -1 29 -1 50 -1 16 -1 10 -1 9 -1 68 -1 11 -1 63 -1 -2
1 -1 4 -1 5 -1 6 -1 3 -1 8 -1 7 -1 23 -1 12 -1 2 -1 32 -1 18 -1 23 -1 13 -1 23 -1 15 -1 14 -1 32 -1 30 -1 31 -1 30 -1 17 -1 29 -1 3 -1 24 -1 25 -1 26 -1 23 -1 66 -1 35 -1 33 -1 36 -1 64 -1 27 -1 76 -1 34 -1 33 -1 37 -1 39 -1 39 -1 65 -1 56 -1 50 -1 65 -1 69 -1 71 -1 42 -1 43 -1 44 -1 45 -1 46 -1 51 -1 49 -1 48 -1 50 -1 28 -1 45 -1 65 -1 55 -1 57 -1 58 -1 59 -1 23 -1 50 -1 50 -1 35 -1 36 -1 50 -1 68 -1 35 -1 36 -1 52 -1 65 -1 65 -1 65 -1 53 -1 50 -1 54 -1 82 -1 71 -1 36 -1 42 -1 40 -1 12 -1 12 -1 35 -1 12 -1 29 -1 63 -1 -2
1 -1 4 -1 5 -1 6 -1 3 -1 18 -1 3 -1 32 -1 29 -1 68 -1 8 -1 7 -1 12 -1 14 -1 10 -1 9 -1 11 -1 16 -1 19 -1 17 -1 34 -1 10 -1 9 -1 11 -1 13 -1 33 -1 15 -1 13 -1 15 -1 16 -1 10 -1 9 -1 11 -1 20 -1 16 -1 30 -1 31 -1 24 -1 25 -1 26 -1 28 -1 35 -1 50 -1 36 -1 10 -1 9 -1 11 -1 41 -1 16 -1 42 -1 10 -1 9 -1 11 -1 64 -1 23 -1 27 -1 43 -1 42 -1 43 -1 68 -1 39 -1 39 -1 40 -1 35 -1 41 -1 16 -1 76 -1 41 -1 42 -1 50 -1 42 -1 43 -1 43 -1 69 -1 43 -1 44 -1 45 -1 49 -1 48 -1 48 -1 71 -1 69 -1 56 -1 35 -1 69 -1 55 -1 57 -1 58 -1 35 -1 59 -1 45 -1 49 -1 48 -1 69 -1 69 -1 71 -1 35 -1 52 -1 35 -1 56 -1 78 -1 79 -1 69 -1 41 -1 50 -1 74 -1 35 -1 60 -1 69 -1 35 -1 35 -1 35 -1 41 -1 69 -1 63 -1 -2
64 -1 1 -1 5 -1 4 -1 8 -1 7 -1 18 -1 3 -1 12 -1 10 -1 9 -1 11 -1 19 -1 14 -1 13 -1 32 -1 15 -1 17 -1 20 -1 29 -1 24 -1 25 -1 66 -1 28 -1 30 -1 32 -1 31 -1 16 -1 43 -1 45 -1 35 -1 65 -1 43 -1 36 -1 34 -1 33 -1 43 -1 42 -1 41 -1 36 -1 76 -1 37 -1 39 -1 27 -1 39 -1 42 -1 41 -1 40 -1 35 -1 41 -1 42 -1 43 -1 44 -1 45 -1 70 -1 49 -1 48 -1 45 -1 48 -1 49 -1 48 -1 49 -1 51 -1 45 -1 48 -1 49 -1 43 -1 35 -1 55 -1 57 -1 61 -1 58 -1 59 -1 57 -1 45 -1 58 -1 59 -1 56 -1 69 -1 71 -1 74 -1 58 -1 35 -1 57 -1 58 -1 57 -1 68 -1 68 -1 68 -1 61 -1 63 -1 -2
4 -1 5 -1 7 -1 8 -1 35 -1 12 -1 35 -1 19 -1 20 -1 13 -1 15 -1 56 -1 17 -1 35 -1 36 -1 35 -1 34 -1 31 -1 50 -1 30 -1 2 -1 36 -1 2 -1 32 -1 39 -1 40 -1 41 -1 42 -1 41 -1 42 -1 43 -1 44 -1 23 -1 48 -1 45 -1 48 -1 49 -1 51 -1 49 -1 45 -1 46 -1 45 -1 69 -1 71 -1 72 -1 73 -1 69 -1 71 -1 69 -1 71 -1 36 -1 55 -1 57 -1 58 -1 59 -1 50 -1 50 -1 33 -1 50 -1 63 -1 -2
1 -1 64 -1 2 -1 3 -1 4 -1 5 -1 3 -1 61 -1 8 -1 7 -1 10 -1 9 -1 11 -1 16 -1 12 -1 33 -1 18 -1 17 -1 19 -1 23 -1 24 -1 25 -1 66 -1 26 -1 27 -1 30 -1 31 -1 39 -1 32 -1 40 -1 35 -1 36 -1 41 -1 34 -1 42 -1 43 -1 44 -1 69 -1 71 -1 29 -1 20 -1 46 -1 45 -1 51 -1 49 -1 48 -1 55 -1 56 -1 57 -1 58 -1 60 -1 63 -1 -2
1 -1 5 -1 4 -1 6 -1 3 -1 61 -1 8 -1 7 -1 12 -1 19 -1 20 -1 13 -1 32 -1 23 -1 15 -1 21 -1 26 -1 28 -1 17 -1 30 -1 31 -1 35 -1 36 -1 67 -1 39 -1 33 -1 40 -1 41 -1 34 -1 71 -1 69 -1 71 -1 42 -1 43 -1 44 -1 45 -1 49 -1 48 -1 71 -1 69 -1 45 -1 46 -1 49 -1 48 -1 51 -1 45 -1 49 -1 48 -1 46 -1 51 -1 45 -1 49 -1 48 -1 49 -1 71 -1 69 -1 65 -1 55 -1 56 -1 57 -1 58 -1 59 -1 45 -1 29 -1 63 -1 -2
1 -1 3 -1 3 -1 5 -1 4 -1 6 -1 2 -1 8 -1 7 -1 12 -1 65 -1 32 -1 3 -1 9 -1 10 -1 11 -1 18 -1 17 -1 19 -1 23 -1 29 -1 20 -1 13 -1 15 -1 24 -1 33 -1 26 -1 25 -1 66 -1 14 -1 30 -1 31 -1 30 -1 18 -1 35 -1 64 -1 36 -1 50 -1 39 -1 39 -1 50 -1 40 -1 27 -1 65 -1 42 -1 43 -1 44 -1 16 -1 46 -1 45 -1 48 -1 49 -1 51 -1 46 -1 45 -1 71 -1 72 -1 29 -1 69 -1 73 -1 67 -1 38 -1 67 -1 55 -1 61 -1 57 -1 58 -1 56 -1 57 -1 59 -1 59 -1 48 -1 49 -1 69 -1 71 -1 34 -1 52 -1 53 -1 54 -1 65 -1 65 -1 29 -1 67 -1 14 -1 63 -1 -2
1 -1 3 -1 5 -1 4 -1 8 -1 7 -1 61 -1 14 -1 12 -1 18 -1 32 -1 17 -1 20 -1 29 -1 30 -1 30 -1 31 -1 30 -1 33 -1 31 -1 30 -1 18 -1 35 -1 36 -1 36 -1 27 -1 64 -1 69 -1 71 -1 45 -1 49 -1 48 -1 45 -1 41 -1 35 -1 36 -1 69 -1 71 -1 42 -1 43 -1 45 -1 69 -1 36 -1 69 -1 57 -1 58 -1 34 -1 78 -1 79 -1 63 -1 -2
1 -1 3 -1 2 -1 3 -1 6 -1 4 -1 5 -1 8 -1 7 -1 3 -1 10 -1 9 -1 11 -1 12 -1 32 -1 18 -1 23 -1 13 -1 14 -1 15 -1 22 -1 17 -1 24 -1 21 -1 16 -1 33 -1 10 -1 9 -1 11 -1 25 -1 26 -1 64 -1 27 -1 66 -1 30 -1 31 -1 30 -1 29 -1 31 -1 11 -1 35 -1 23 -1 67 -1 55 -1 61 -1 35 -1 76 -1 36 -1 56 -1 34 -1 65 -1 41 -1 42 -1 65 -1 53 -1 50 -1 23 -1 42 -1 69 -1 43 -1 54 -1 44 -1 46 -1 45 -1 50 -1 68 -1 45 -1 51 -1 49 -1 48 -1 39 -1 65 -1 55 -1 57 -1 58 -1 59 -1 65 -1 23 -1 40 -1 65 -1 50 -1 36 -1 65 -1 65 -1 68 -1 29 -1 60 -1 50 -1 50 -1 65 -1 65 -1 65 -1 65 -1 61 -1 63 -1 -2
2 -1 3 -1 3 -1 5 -1 4 -1 8 -1 7 -1 12 -1 19 -1 32 -1 20 -1 14 -1 29 -1 23 -1 13 -1 18 -1 23 -1 15 -1 13 -1 15 -1 21 -1 27 -1 64 -1 26 -1 28 -1 30 -1 31 -1 17 -1 35 -1 36 -1 23 -1 36 -1 67 -1 39 -1 38 -1 23 -1 33 -1 42 -1 42 -1 43 -1 34 -1 44 -1 48 -1 49 -1 45 -1 45 -1 48 -1 49 -1 51 -1 46 -1 49 -1 45 -1 71 -1 69 -1 56 -1 74 -1 40 -1 68 -1 43 -1 50 -1 29 -1 55 -1 57 -1 58 -1 59 -1 48 -1 27 -1 64 -1 60 -1 14 -1 78 -1 79 -1 63 -1 -2
4 -1 5 -1 18 -1 35 -1 36 -1 14 -1 30 -1 31 -1 3 -1 30 -1 17 -1 29 -1 36 -1 23 -1 23 -1 10 -1 9 -1 11 -1 32 -1 77 -1 12 -1 68 -1 8 -1 7 -1 42 -1 43 -1 50 -1 42 -1 43 -1 41 -1 43 -1 50 -1 45 -1 45 -1 49 -1 48 -1 15 -1 77 -1 49 -1 34 -1 23 -1 16 -1 23 -1 69 -1 23 -1 14 -1 71 -1 43 -1 44 -1 33 -1 43 -1 43 -1 31 -1 31 -1 40 -1 60 -1 39 -1 29 -1 39 -1 64 -1 27 -1 42 -1 43 -1 70 -1 45 -1 49 -1 48 -1 23 -1 53 -1 53 -1 54 -1 55 -1 57 -1 58 -1 59 -1 56 -1 50 -1 50 -1 60 -1 78 -1 79 -1 62 -1 63 -1 54 -1 63 -1 -2
2 -1 3 -1 3 -1 3 -1 2 -1 1 -1 4 -1 6 -1 5 -1 7 -1 8 -1 32 -1 12 -1 18 -1 3 -1 10 -1 9 -1 11 -1 14 -1 23 -1 15 -1 13 -1 17 -1 33 -1 10 -1 9 -1 11 -1 18 -1 33 -1 30 -1 31 -1 26 -1 64 -1 28 -1 27 -1 23 -1 39 -1 34 -1 11 -1 40 -1 18 -1 35 -1 41 -1 69 -1 71 -1 42 -1 43 -1 69 -1 73 -1 71 -1 65 -1 44 -1 45 -1 49 -1 48 -1 45 -1 65 -1 52 -1 16 -1 65 -1 65 -1 56 -1 74 -1 55 -1 61 -1 57 -1 58 -1 59 -1 69 -1 50 -1 29 -1 50 -1 50 -1 63 -1 -2
4 -1 5 -1 1 -1 61 -1 18 -1 32 -1 14 -1 12 -1 7 -1 17 -1 33 -1 23 -1 15 -1 13 -1 23 -1 68 -1 34 -1 3 -1 23 -1 30 -1 31 -1 10 -1 9 -1 11 -1 35 -1 39 -1 40 -1 36 -1 35 -1 50 -1 42 -1 43 -1 23 -1 53 -1 29 -1 45 -1 44 -1 82 -1 54 -1 10 -1 9 -1 11 -1 45 -1 46 -1 51 -1 49 -1 48 -1 10 -1 9 -1 11 -1 23 -1 16 -1 65 -1 41 -1 55 -1 57 -1 58 -1 59 -1 58 -1 57 -1 14 -1 82 -1 65 -1 54 -1 55 -1 65 -1 65 -1 65 -1 65 -1 82 -1 65 -1 65 -1 14 -1 65 -1 65 -1 56 -1 74 -1 60 -1 63 -1 -2
1 -1 3 -1 2 -1 2 -1 5 -1 4 -1 61 -1 8 -1 7 -1 18 -1 12 -1 13 -1 15 -1 14 -1 35 -1 29 -1 77 -1 17 -1 32 -1 64 -1 28 -1 30 -1 31 -1 36 -1 36 -1 34 -1 38 -1 27 -1 67 -1 69 -1 71 -1 69 -1 33 -1 42 -1 71 -1 42 -1 43 -1 44 -1 45 -1 45 -1 48 -1 49 -1 18 -1 55 -1 56 -1 57 -1 58 -1 57 -1 35 -1 23 -1 29 -1 35 -1 69 -1 50 -1 69 -1 50 -1 60 -1 29 -1 71 -1 69 -1 69 -1 43 -1 49 -1 48 -1 45 -1 29 -1 45 -1 49 -1 48 -1 48 -1 48 -1 49 -1 45 -1 49 -1 48 -1 63 -1 -2
3 -1 3 -1 3 -1 3 -1 3 -1 5 -1 4 -1 7 -1 10 -1 9 -1 11 -1 16 -1 7 -1 12 -1 13 -1 32 -1 9 -1 11 -1 10 -1 15 -1 23 -1 14 -1 77 -1 30 -1 31 -1 30 -1 11 -1 18 -1 10 -1 9 -1 11 -1 16 -1 23 -1 10 -1 9 -1 11 -1 32 -1 17 -1 65 -1 16 -1 65 -1 53 -1 10 -1 9 -1 11 -1 16 -1 29 -1 10 -1 9 -1 11 -1 23 -1 16 -1 10 -1 9 -1 11 -1 54 -1 16 -1 24 -1 25 -1 66 -1 28 -1 33 -1 10 -1 9 -1 11 -1 61 -1 35 -1 16 -1 10 -1 9 -1 11 -1 36 -1 37 -1 16 -1 41 -1 10 -1 9 -1 11 -1 42 -1 34 -1 43 -1 70 -1 59 -1 16 -1 10 -1 9 -1 11 -1 16 -1 10 -1 9 -1 11 -1 16 -1 39 -1 10 -1 9 -1 11 -1 40 -1 68 -1 16 -1 10 -1 9 -1 11 -1 55 -1 65 -1 57 -1 58 -1 59 -1 35 -1 82 -1 16 -1 56 -1 10 -1 9 -1 11 -1 16 -1 36 -1 68 -1 10 -1 9 -1 11 -1 16 -1 10 -1 9 -1 11 -1 27 -1 64 -1 16 -1 10 -1 9 -1 11 -1 68 -1 16 -1 68 -1 82 -1 82 -1 68 -1 68 -1 50 -1 50 -1 42 -1 43 -1 61 -1 82 -1 61 -1 82 -1 63 -1 -2
2 -1 1 -1 2 -1 1 -1 3 -1 3 -1 3 -1 3 -1 5 -1 4 -1 7 -1 10 -1 9 -1 11 -1 65 -1 32 -1 53 -1 23 -1 54 -1 10 -1 9 -1 11 -1 12 -1 18 -1 13 -1 15 -1 64 -1 77 -1 16 -1 10 -1 9 -1 65 -1 16 -1 10 -1 9 -1 31 -1 30 -1 14 -1 24 -1 26 -1 21 -1 25 -1 66 -1 29 -1 33 -1 23 -1 17 -1 23 -1 27 -1 33 -1 10 -1 9 -1 11 -1 35 -1 65 -1 36 -1 68 -1 34 -1 39 -1 40 -1 68 -1 36 -1 41 -1 42 -1 43 -1 44 -1 70 -1 46 -1 45 -1 51 -1 49 -1 48 -1 29 -1 69 -1 16 -1 50 -1 50 -1 55 -1 61 -1 57 -1 58 -1 59 -1 35 -1 50 -1 68 -1 63 -1 -2
64 -1 17 -1 3 -1 3 -1 1 -1 17 -1 17 -1 54 -1 4 -1 5 -1 61 -1 7 -1 3 -1 18 -1 12 -1 10 -1 19 -1 9 -1 11 -1 13 -1 77 -1 32 -1 28 -1 23 -1 29 -1 14 -1 28 -1 22 -1 24 -1 17 -1 25 -1 66 -1 30 -1 34 -1 31 -1 30 -1 35 -1 17 -1 33 -1 35 -1 36 -1 34 -1 37 -1 39 -1 39 -1 39 -1 17 -1 27 -1 94 -1 82 -1 37 -1 76 -1 16 -1 68 -1 41 -1 40 -1 41 -1 42 -1 54 -1 34 -1 12 -1 43 -1 44 -1 17 -1 45 -1 49 -1 48 -1 34 -1 71 -1 69 -1 17 -1 73 -1 71 -1 65 -1 55 -1 59 -1 68 -1 34 -1 27 -1 94 -1 17 -1 50 -1 34 -1 78 -1 34 -1 17 -1 34 -1 79 -1 17 -1 34 -1 34 -1 95 -1 17 -1 27 -1 94 -1 34 -1 63 -1 -2
2 -1 3 -1 1 -1 17 -1 17 -1 17 -1 34 -1 17 -1 34 -1 17 -1 34 -1 34 -1 34 -1 5 -1 4 -1 3 -1 8 -1 65 -1 65 -1 18 -1 12 -1 19 -1 20 -1 14 -1 29 -1 17 -1 31 -1 30 -1 34 -1 27 -1 28 -1 19 -1 32 -1 23 -1 94 -1 65 -1 23 -1 35 -1 76 -1 37 -1 50 -1 36 -1 41 -1 53 -1 50 -1 56 -1 54 -1 65 -1 42 -1 43 -1 95 -1 44 -1 46 -1 43 -1 51 -1 78 -1 70 -1 33 -1 94 -1 34 -1 45 -1 49 -1 48 -1 51 -1 46 -1 72 -1 46 -1 79 -1 55 -1 61 -1 57 -1 58 -1 59 -1 95 -1 34 -1 27 -1 94 -1 40 -1 34 -1 39 -1 34 -1 1 -1 61 -1 34 -1 3 -1 63 -1 -2
3 -1 2 -1 3 -1 3 -1 1 -1 5 -1 4 -1 61 -1 3 -1 18 -1 8 -1 12 -1 9 -1 11 -1 19 -1 10 -1 20 -1 11 -1 29 -1 17 -1 16 -1 66 -1 25 -1 24 -1 34 -1 30 -1 33 -1 31 -1 56 -1 32 -1 34 -1 78 -1 41 -1 56 -1 50 -1 36 -1 39 -1 40 -1 34 -1 27 -1 94 -1 79 -1 95 -1 27 -1 94 -1 43 -1 95 -1 44 -1 45 -1 48 -1 49 -1 27 -1 94 -1 69 -1 73 -1 71 -1 72 -1 95 -1 27 -1 34 -1 46 -1 95 -1 48 -1 51 -1 49 -1 27 -1 94 -1 49 -1 48 -1 71 -1 72 -1 56 -1 57 -1 34 -1 58 -1 27 -1 50 -1 29 -1 34 -1 34 -1 63 -1 -2
1 -1 3 -1 3 -1 2 -1 6 -1 4 -1 5 -1 8 -1 7 -1 3 -1 12 -1 10 -1 9 -1 11 -1 32 -1 19 -1 14 -1 13 -1 15 -1 27 -1 17 -1 94 -1 95 -1 23 -1 16 -1 27 -1 94 -1 31 -1 30 -1 31 -1 18 -1 21 -1 22 -1 33 -1 29 -1 26 -1 24 -1 25 -1 66 -1 34 -1 28 -1 35 -1 36 -1 37 -1 36 -1 38 -1 67 -1 68 -1 39 -1 34 -1 40 -1 41 -1 34 -1 52 -1 74 -1 56 -1 34 -1 95 -1 43 -1 95 -1 44 -1 27 -1 94 -1 48 -1 50 -1 45 -1 46 -1 48 -1 49 -1 51 -1 69 -1 73 -1 34 -1 71 -1 72 -1 55 -1 61 -1 57 -1 58 -1 34 -1 61 -1 63 -1 -2
3 -1 1 -1 2 -1 4 -1 5 -1 8 -1 3 -1 14 -1 10 -1 9 -1 11 -1 12 -1 18 -1 19 -1 20 -1 13 -1 15 -1 17 -1 32 -1 16 -1 31 -1 30 -1 23 -1 65 -1 32 -1 24 -1 66 -1 25 -1 29 -1 28 -1 23 -1 27 -1 34 -1 35 -1 33 -1 36 -1 35 -1 38 -1 67 -1 39 -1 40 -1 34 -1 33 -1 41 -1 27 -1 56 -1 23 -1 23 -1 27 -1 94 -1 34 -1 43 -1 95 -1 27 -1 94 -1 95 -1 44 -1 27 -1 94 -1 69 -1 73 -1 73 -1 71 -1 72 -1 45 -1 49 -1 48 -1 46 -1 48 -1 51 -1 34 -1 55 -1 61 -1 57 -1 58 -1 59 -1 52 -1 74 -1 34 -1 62 -1 34 -1 17 -1 34 -1 34 -1 34 -1 34 -1 34 -1 63 -1 -2
1 -1 2 -1 3 -1 3 -1 1 -1 2 -1 4 -1 5 -1 6 -1 3 -1 8 -1 9 -1 11 -1 10 -1 12 -1 27 -1 19 -1 27 -1 23 -1 20 -1 94 -1 15 -1 13 -1 23 -1 29 -1 17 -1 14 -1 94 -1 18 -1 31 -1 30 -1 17 -1 23 -1 27 -1 94 -1 34 -1 66 -1 25 -1 24 -1 28 -1 27 -1 23 -1 33 -1 95 -1 23 -1 27 -1 94 -1 35 -1 95 -1 36 -1 23 -1 27 -1 23 -1 38 -1 34 -1 67 -1 10 -1 16 -1 39 -1 40 -1 41 -1 50 -1 56 -1 50 -1 6 -1 43 -1 50 -1 95 -1 44 -1 50 -1 95 -1 49 -1 48 -1 45 -1 34 -1 48 -1 49 -1 46 -1 27 -1 48 -1 51 -1 27 -1 69 -1 73 -1 17 -1 71 -1 71 -1 34 -1 55 -1 61 -1 57 -1 58 -1 27 -1 94 -1 52 -1 34 -1 53 -1 60 -1 54 -1 34 -1 95 -1 95 -1 34 -1 62 -1 34 -1 62 -1 34 -1 63 -1 -2
1 -1 1 -1 3 -1 2 -1 3 -1 6 -1 5 -1 4 -1 3 -1 7 -1 8 -1 12 -1 9 -1 11 -1 10 -1 32 -1 23 -1 13 -1 15 -1 30 -1 31 -1 23 -1 24 -1 65 -1 25 -1 23 -1 66 -1 28 -1 23 -1 18 -1 23 -1 27 -1 29 -1 23 -1 35 -1 34 -1 36 -1 14 -1 27 -1 23 -1 95 -1 33 -1 23 -1 10 -1 27 -1 94 -1 17 -1 16 -1 65 -1 27 -1 14 -1 27 -1 27 -1 17 -1 95 -1 43 -1 27 -1 94 -1 41 -1 52 -1 34 -1 56 -1 53 -1 54 -1 39 -1 40 -1 95 -1 44 -1 65 -1 27 -1 95 -1 45 -1 46 -1 27 -1 95 -1 48 -1 51 -1 49 -1 27 -1 65 -1 55 -1 61 -1 57 -1 34 -1 58 -1 59 -1 35 -1 74 -1 56 -1 95 -1 27 -1 68 -1 34 -1 50 -1 34 -1 95 -1 27 -1 27 -1 94 -1 27 -1 63 -1 -2
1 -1 3 -1 3 -1 3 -1 2 -1 1 -1 3 -1 4 -1 5 -1 6 -1 65 -1 7 -1 23 -1 8 -1 18 -1 12 -1 19 -1 3 -1 65 -1 14 -1 32 -1 24 -1 25 -1 9 -1 11 -1 66 -1 10 -1 16 -1 28 -1 9 -1 10 -1 13 -1 16 -1 29 -1 17 -1 34 -1 17 -1 30 -1 27 -1 31 -1 30 -1 30 -1 31 -1 30 -1 33 -1 35 -1 34 -1 35 -1 36 -1 37 -1 41 -1 27 -1 94 -1 39 -1 34 -1 40 -1 41 -1 73 -1 72 -1 43 -1 95 -1 72 -1 71 -1 73 -1 69 -1 48 -1 49 -1 45 -1 34 -1 55 -1 56 -1 61 -1 57 -1 58 -1 58 -1 35 -1 59 -1 27 -1 94 -1 52 -1 41 -1 34 -1 53 -1 54 -1 27 -1 30 -1 31 -1 30 -1 31 -1 30 -1 34 -1 34 -1 63 -1 -2
1 -1 3 -1 2 -1 54 -1 4 -1 5 -1 61 -1 3 -1 7 -1 18 -1 12 -1 19 -1 14 -1 9 -1 11 -1 10 -1 21 -1 32 -1 21 -1 17 -1 26 -1 28 -1 29 -1 19 -1 34 -1 11 -1 30 -1 33 -1 31 -1 35 -1 11 -1 23 -1 16 -1 27 -1 35 -1 27 -1 94 -1 36 -1 39 -1 40 -1 34 -1 41 -1 43 -1 69 -1 73 -1 71 -1 72 -1 48 -1 49 -1 45 -1 48 -1 49 -1 65 -1 55 -1 56 -1 57 -1 58 -1 59 -1 35 -1 34 -1 29 -1 34 -1 34 -1 34 -1 50 -1 50 -1 50 -1 63 -1 -2
1 -1 3 -1 4 -1 5 -1 61 -1 9 -1 11 -1 10 -1 23 -1 8 -1 18 -1 12 -1 23 -1 77 -1 77 -1 33 -1 14 -1 15 -1 30 -1 31 -1 30 -1 3 -1 24 -1 17 -1 29 -1 25 -1 66 -1 28 -1 34 -1 32 -1 17 -1 23 -1 65 -1 23 -1 23 -1 23 -1 23 -1 27 -1 34 -1 50 -1 35 -1 50 -1 36 -1 39 -1 40 -1 53 -1 34 -1 53 -1 54 -1 41 -1 42 -1 73 -1 72 -1 69 -1 71 -1 43 -1 44 -1 78 -1 45 -1 46 -1 49 -1 51 -1 48 -1 34 -1 55 -1 35 -1 57 -1 58 -1 59 -1 79 -1 34 -1 16 -1 94 -1 34 -1 94 -1 17 -1 63 -1 -2
4 -1 5 -1 1 -1 61 -1 23 -1 23 -1 29 -1 23 -1 7 -1 8 -1 12 -1 19 -1 24 -1 28 -1 18 -1 33 -1 30 -1 31 -1 30 -1 30 -1 31 -1 14 -1 30 -1 31 -1 35 -1 14 -1 41 -1 34 -1 69 -1 71 -1 43 -1 45 -1 48 -1 49 -1 45 -1 46 -1 48 -1 49 -1 51 -1 69 -1 73 -1 71 -1 72 -1 14 -1 71 -1 72 -1 69 -1 73 -1 34 -1 17 -1 55 -1 57 -1 58 -1 57 -1 58 -1 57 -1 59 -1 35 -1 63 -1 -2
3 -1 4 -1 5 -1 61 -1 7 -1 8 -1 18 -1 10 -1 9 -1 11 -1 12 -1 32 -1 99 -1 14 -1 19 -1 20 -1 29 -1 17 -1 15 -1 34 -1 92 -1 31 -1 99 -1 95 -1 64 -1 30 -1 26 -1 66 -1 24 -1 25 -1 99 -1 23 -1 99 -1 23 -1 43 -1 27 -1 27 -1 34 -1 35 -1 36 -1 41 -1 56 -1 41 -1 67 -1 38 -1 39 -1 40 -1 42 -1 43 -1 50 -1 44 -1 70 -1 71 -1 72 -1 69 -1 95 -1 48 -1 68 -1 45 -1 46 -1 27 -1 23 -1 27 -1 48 -1 49 -1 51 -1 34 -1 27 -1 27 -1 17 -1 50 -1 42 -1 43 -1 43 -1 42 -1 43 -1 42 -1 34 -1 60 -1 57 -1 34 -1 62 -1 12 -1 12 -1 34 -1 34 -1 43 -1 34 -1 63 -1 -2
3 -1 5 -1 4 -1 3 -1 61 -1 7 -1 8 -1 9 -1 10 -1 11 -1 23 -1 18 -1 65 -1 12 -1 32 -1 14 -1 19 -1 20 -1 15 -1 13 -1 17 -1 15 -1 13 -1 29 -1 27 -1 53 -1 34 -1 23 -1 56 -1 95 -1 27 -1 94 -1 27 -1 33 -1 30 -1 22 -1 31 -1 34 -1 30 -1 21 -1 24 -1 66 -1 25 -1 28 -1 53 -1 50 -1 50 -1 50 -1 65 -1 35 -1 36 -1 41 -1 36 -1 38 -1 67 -1 34 -1 39 -1 40 -1 95 -1 95 -1 43 -1 44 -1 69 -1 27 -1 71 -1 72 -1 73 -1 27 -1 94 -1 95 -1 61 -1 45 -1 48 -1 49 -1 45 -1 48 -1 51 -1 46 -1 34 -1 46 -1 48 -1 51 -1 27 -1 55 -1 57 -1 58 -1 27 -1 94 -1 65 -1 53 -1 34 -1 54 -1 27 -1 35 -1 27 -1 35 -1 34 -1 65 -1 53 -1 54 -1 60 -1 79 -1 65 -1 27 -1 65 -1 55 -1 59 -1 63 -1 -2
1 -1 2 -1 3 -1 6 -1 5 -1 4 -1 61 -1 3 -1 9 -1 11 -1 10 -1 7 -1 29 -1 12 -1 16 -1 18 -1 19 -1 32 -1 30 -1 31 -1 30 -1 34 -1 31 -1 21 -1 24 -1 25 -1 26 -1 66 -1 28 -1 23 -1 33 -1 92 -1 23 -1 34 -1 23 -1 14 -1 29 -1 17 -1 50 -1 35 -1 37 -1 38 -1 50 -1 34 -1 67 -1 41 -1 36 -1 39 -1 40 -1 40 -1 43 -1 69 -1 73 -1 72 -1 71 -1 92 -1 69 -1 73 -1 99 -1 92 -1 34 -1 72 -1 71 -1 99 -1 49 -1 48 -1 51 -1 45 -1 46 -1 92 -1 23 -1 65 -1 55 -1 35 -1 57 -1 58 -1 59 -1 92 -1 74 -1 56 -1 6 -1 92 -1 34 -1 92 -1 17 -1 36 -1 99 -1 43 -1 92 -1 34 -1 99 -1 92 -1 63 -1 -2
2 -1 5 -1 4 -1 6 -1 3 -1 65 -1 61 -1 99 -1 3 -1 18 -1 7 -1 10 -1 9 -1 11 -1 12 -1 14 -1 27 -1 17 -1 29 -1 12 -1 32 -1 13 -1 19 -1 34 -1 94 -1 13 -1 15 -1 20 -1 21 -1 33 -1 26 -1 24 -1 25 -1 66 -1 28 -1 11 -1 31 -1 99 -1 30 -1 31 -1 30 -1 23 -1 92 -1 92 -1 34 -1 16 -1 92 -1 94 -1 23 -1 92 -1 35 -1 36 -1 37 -1 92 -1 67 -1 41 -1 95 -1 43 -1 71 -1 72 -1 69 -1 73 -1 71 -1 34 -1 27 -1 92 -1 99 -1 48 -1 49 -1 45 -1 99 -1 48 -1 49 -1 46 -1 45 -1 51 -1 48 -1 49 -1 92 -1 94 -1 65 -1 55 -1 35 -1 56 -1 57 -1 58 -1 59 -1 17 -1 34 -1 35 -1 56 -1 6 -1 65 -1 61 -1 92 -1 34 -1 50 -1 50 -1 50 -1 52 -1 34 -1 53 -1 54 -1 78 -1 34 -1 27 -1 17 -1 94 -1 95 -1 27 -1 27 -1 34 -1 27 -1 34 -1 63 -1 -2
3 -1 3 -1 6 -1 5 -1 4 -1 8 -1 7 -1 12 -1 3 -1 99 -1 9 -1 11 -1 10 -1 19 -1 20 -1 99 -1 19 -1 13 -1 15 -1 18 -1 7 -1 12 -1 14 -1 13 -1 15 -1 29 -1 17 -1 22 -1 31 -1 30 -1 32 -1 21 -1 34 -1 26 -1 24 -1 33 -1 66 -1 25 -1 28 -1 27 -1 23 -1 10 -1 35 -1 27 -1 94 -1 36 -1 34 -1 94 -1 38 -1 16 -1 67 -1 94 -1 39 -1 40 -1 27 -1 40 -1 94 -1 43 -1 95 -1 72 -1 71 -1 95 -1 73 -1 69 -1 18 -1 95 -1 48 -1 49 -1 94 -1 48 -1 49 -1 45 -1 48 -1 49 -1 51 -1 45 -1 50 -1 12 -1 45 -1 34 -1 27 -1 27 -1 12 -1 27 -1 60 -1 60 -1 65 -1 55 -1 34 -1 57 -1 58 -1 59 -1 35 -1 59 -1 95 -1 12 -1 27 -1 34 -1 95 -1 95 -1 52 -1 27 -1 65 -1 53 -1 54 -1 54 -1 27 -1 34 -1 27 -1 95 -1 94 -1 27 -1 62 -1 34 -1 95 -1 27 -1 34 -1 34 -1 17 -1 95 -1 34 -1 1 -1 61 -1 17 -1 17 -1 34 -1 68 -1 63 -1 -2
1 -1 3 -1 2 -1 64 -1 4 -1 5 -1 6 -1 3 -1 29 -1 8 -1 34 -1 9 -1 11 -1 10 -1 18 -1 32 -1 12 -1 14 -1 15 -1 17 -1 20 -1 13 -1 24 -1 11 -1 25 -1 23 -1 34 -1 66 -1 23 -1 28 -1 27 -1 94 -1 31 -1 68 -1 30 -1 33 -1 50 -1 16 -1 27 -1 38 -1 67 -1 36 -1 35 -1 34 -1 39 -1 41 -1 42 -1 43 -1 95 -1 44 -1 70 -1 27 -1 48 -1 78 -1 69 -1 33 -1 71 -1 95 -1 94 -1 33 -1 45 -1 48 -1 49 -1 27 -1 94 -1 55 -1 56 -1 34 -1 57 -1 58 -1 57 -1 58 -1 95 -1 69 -1 27 -1 94 -1 27 -1 61 -1 52 -1 53 -1 54 -1 27 -1 50 -1 50 -1 34 -1 79 -1 17 -1 95 -1 95 -1 27 -1 34 -1 27 -1 34 -1 17 -1 63 -1 -2
1 -1 2 -1 2 -1 3 -1 4 -1 5 -1 6 -1 3 -1 8 -1 7 -1 10 -1 9 -1 11 -1 11 -1 12 -1 29 -1 13 -1 15 -1 14 -1 26 -1 28 -1 18 -1 16 -1 30 -1 31 -1 17 -1 10 -1 9 -1 34 -1 23 -1 23 -1 27 -1 94 -1 95 -1 32 -1 95 -1 95 -1 94 -1 16 -1 33 -1 95 -1 10 -1 9 -1 11 -1 27 -1 94 -1 27 -1 16 -1 36 -1 95 -1 35 -1 36 -1 67 -1 38 -1 39 -1 27 -1 27 -1 94 -1 42 -1 40 -1 42 -1 50 -1 95 -1 43 -1 43 -1 50 -1 43 -1 34 -1 44 -1 95 -1 78 -1 79 -1 45 -1 95 -1 49 -1 48 -1 49 -1 48 -1 69 -1 48 -1 49 -1 34 -1 69 -1 27 -1 71 -1 94 -1 69 -1 95 -1 19 -1 71 -1 73 -1 69 -1 65 -1 55 -1 56 -1 35 -1 57 -1 58 -1 59 -1 34 -1 61 -1 27 -1 27 -1 95 -1 95 -1 74 -1 6 -1 52 -1 53 -1 95 -1 34 -1 54 -1 27 -1 60 -1 34 -1 34 -1 34 -1 27 -1 27 -1 64 -1 63 -1 -2
1 -1 3 -1 2 -1 3 -1 4 -1 5 -1 6 -1 7 -1 3 -1 8 -1 9 -1 11 -1 10 -1 12 -1 17 -1 99 -1 23 -1 21 -1 28 -1 25 -1 99 -1 32 -1 65 -1 30 -1 31 -1 39 -1 65 -1 16 -1 65 -1 92 -1 33 -1 29 -1 17 -1 40 -1 65 -1 27 -1 22 -1 23 -1 94 -1 69 -1 73 -1 34 -1 95 -1 23 -1 23 -1 27 -1 73 -1 27 -1 35 -1 36 -1 35 -1 71 -1 72 -1 71 -1 42 -1 43 -1 94 -1 95 -1 44 -1 95 -1 46 -1 45 -1 34 -1 95 -1 48 -1 49 -1 51 -1 95 -1 27 -1 27 -1 45 -1 27 -1 48 -1 45 -1 95 -1 27 -1 56 -1 95 -1 95 -1 6 -1 65 -1 14 -1 17 -1 34 -1 55 -1 57 -1 58 -1 23 -1 61 -1 27 -1 27 -1 52 -1 53 -1 65 -1 34 -1 54 -1 65 -1 50 -1 34 -1 50 -1 34 -1 95 -1 95 -1 27 -1 94 -1 63 -1 -2
1 -1 5 -1 4 -1 8 -1 61 -1 7 -1 12 -1 18 -1 19 -1 20 -1 32 -1 77 -1 77 -1 3 -1 77 -1 77 -1 29 -1 22 -1 34 -1 26 -1 24 -1 25 -1 66 -1 35 -1 33 -1 18 -1 9 -1 11 -1 18 -1 3 -1 29 -1 34 -1 39 -1 29 -1 65 -1 34 -1 40 -1 27 -1 94 -1 95 -1 53 -1 34 -1 17 -1 54 -1 34 -1 3 -1 44 -1 45 -1 49 -1 48 -1 69 -1 10 -1 9 -1 11 -1 82 -1 16 -1 82 -1 34 -1 68 -1 82 -1 65 -1 54 -1 34 -1 17 -1 68 -1 34 -1 68 -1 34 -1 17 -1 34 -1 50 -1 34 -1 68 -1 27 -1 94 -1 95 -1 34 -1 27 -1 95 -1 34 -1 27 -1 94 -1 -2
5 -1 4 -1 6 -1 1 -1 8 -1 7 -1 14 -1 12 -1 3 -1 19 -1 18 -1 20 -1 17 -1 15 -1 13 -1 32 -1 29 -1 34 -1 26 -1 8 -1 7 -1 21 -1 26 -1 3 -1 22 -1 24 -1 25 -1 66 -1 9 -1 11 -1 28 -1 10 -1 19 -1 33 -1 12 -1 19 -1 20 -1 27 -1 11 -1 94 -1 30 -1 31 -1 50 -1 16 -1 34 -1 50 -1 35 -1 36 -1 39 -1 41 -1 42 -1 95 -1 40 -1 95 -1 43 -1 40 -1 95 -1 69 -1 71 -1 69 -1 71 -1 42 -1 95 -1 44 -1 95 -1 34 -1 45 -1 49 -1 48 -1 45 -1 15 -1 13 -1 17 -1 45 -1 49 -1 69 -1 65 -1 55 -1 56 -1 57 -1 58 -1 48 -1 65 -1 27 -1 94 -1 65 -1 95 -1 34 -1 52 -1 65 -1 53 -1 54 -1 95 -1 70 -1 18 -1 27 -1 27 -1 94 -1 34 -1 34 -1 95 -1 27 -1 34 -1 17 -1 95 -1 95 -1 27 -1 60 -1 34 -1 95 -1 34 -1 34 -1 27 -1 63 -1 -2
3 -1 2 -1 1 -1 3 -1 4 -1 5 -1 3 -1 7 -1 8 -1 9 -1 10 -1 11 -1 18 -1 12 -1 13 -1 15 -1 56 -1 14 -1 32 -1 28 -1 24 -1 25 -1 17 -1 66 -1 30 -1 31 -1 29 -1 23 -1 34 -1 27 -1 94 -1 16 -1 33 -1 9 -1 10 -1 16 -1 35 -1 23 -1 39 -1 36 -1 40 -1 27 -1 67 -1 27 -1 95 -1 42 -1 95 -1 43 -1 95 -1 70 -1 44 -1 34 -1 45 -1 46 -1 27 -1 48 -1 95 -1 49 -1 51 -1 27 -1 45 -1 49 -1 27 -1 71 -1 72 -1 73 -1 69 -1 56 -1 57 -1 58 -1 56 -1 57 -1 58 -1 34 -1 34 -1 95 -1 34 -1 50 -1 50 -1 12 -1 34 -1 27 -1 94 -1 34 -1 63 -1 -2
2 -1 1 -1 3 -1 5 -1 54 -1 8 -1 61 -1 7 -1 65 -1 3 -1 12 -1 10 -1 9 -1 11 -1 18 -1 19 -1 32 -1 20 -1 13 -1 33 -1 15 -1 24 -1 25 -1 26 -1 17 -1 29 -1 66 -1 34 -1 16 -1 30 -1 30 -1 65 -1 31 -1 17 -1 35 -1 36 -1 41 -1 23 -1 64 -1 34 -1 23 -1 17 -1 27 -1 94 -1 95 -1 35 -1 27 -1 41 -1 29 -1 95 -1 42 -1 94 -1 39 -1 39 -1 34 -1 40 -1 95 -1 43 -1 95 -1 69 -1 71 -1 44 -1 27 -1 94 -1 49 -1 48 -1 45 -1 46 -1 95 -1 70 -1 34 -1 59 -1 27 -1 94 -1 95 -1 55 -1 58 -1 57 -1 58 -1 57 -1 56 -1 27 -1 94 -1 34 -1 50 -1 34 -1 34 -1 50 -1 50 -1 34 -1 95 -1 34 -1 27 -1 94 -1 63 -1 -2
5 -1 4 -1 1 -1 61 -1 3 -1 8 -1 12 -1 2 -1 19 -1 68 -1 13 -1 15 -1 9 -1 11 -1 10 -1 43 -1 42 -1 18 -1 23 -1 13 -1 30 -1 31 -1 21 -1 28 -1 50 -1 14 -1 17 -1 23 -1 29 -1 17 -1 27 -1 94 -1 23 -1 34 -1 35 -1 36 -1 16 -1 41 -1 33 -1 42 -1 27 -1 43 -1 42 -1 44 -1 43 -1 94 -1 95 -1 45 -1 46 -1 27 -1 95 -1 48 -1 51 -1 49 -1 27 -1 9 -1 69 -1 73 -1 10 -1 33 -1 72 -1 56 -1 74 -1 17 -1 34 -1 17 -1 71 -1 43 -1 65 -1 55 -1 57 -1 58 -1 17 -1 61 -1 34 -1 27 -1 27 -1 32 -1 34 -1 34 -1 27 -1 34 -1 95 -1 34 -1 34 -1 62 -1 34 -1 34 -1 10 -1 34 -1 62 -1 63 -1 -2
1 -1 64 -1 2 -1 3 -1 2 -1 3 -1 2 -1 1 -1 3 -1 2 -1 2 -1 6 -1 4 -1 5 -1 7 -1 8 -1 12 -1 3 -1 18 -1 32 -1 65 -1 19 -1 9 -1 11 -1 65 -1 20 -1 10 -1 10 -1 14 -1 15 -1 13 -1 11 -1 22 -1 24 -1 29 -1 17 -1 26 -1 66 -1 34 -1 28 -1 30 -1 23 -1 31 -1 65 -1 68 -1 43 -1 69 -1 49 -1 48 -1 27 -1 94 -1 29 -1 34 -1 11 -1 65 -1 33 -1 3 -1 9 -1 65 -1 10 -1 3 -1 34 -1 9 -1 11 -1 35 -1 36 -1 36 -1 16 -1 36 -1 42 -1 95 -1 43 -1 95 -1 44 -1 27 -1 94 -1 95 -1 49 -1 45 -1 48 -1 34 -1 69 -1 49 -1 49 -1 45 -1 49 -1 48 -1 27 -1 67 -1 39 -1 40 -1 38 -1 37 -1 65 -1 55 -1 56 -1 57 -1 58 -1 59 -1 61 -1 95 -1 71 -1 27 -1 49 -1 48 -1 34 -1 48 -1 52 -1 56 -1 53 -1 54 -1 82 -1 27 -1 34 -1 34 -1 34 -1 34 -1 60 -1 34 -1 34 -1 63 -1 -2
1 -1 6 -1 5 -1 4 -1 3 -1 8 -1 7 -1 23 -1 23 -1 12 -1 18 -1 19 -1 23 -1 25 -1 24 -1 25 -1 29 -1 28 -1 23 -1 17 -1 34 -1 23 -1 29 -1 30 -1 31 -1 17 -1 30 -1 35 -1 36 -1 33 -1 68 -1 42 -1 43 -1 44 -1 48 -1 49 -1 45 -1 13 -1 15 -1 33 -1 69 -1 73 -1 71 -1 72 -1 20 -1 27 -1 34 -1 94 -1 65 -1 55 -1 56 -1 57 -1 58 -1 59 -1 95 -1 27 -1 94 -1 68 -1 34 -1 50 -1 34 -1 50 -1 39 -1 34 -1 65 -1 65 -1 40 -1 94 -1 27 -1 52 -1 65 -1 53 -1 54 -1 82 -1 34 -1 79 -1 34 -1 34 -1 95 -1 34 -1 34 -1 34 -1 34 -1 63 -1 -2
1 -1 2 -1 3 -1 6 -1 4 -1 5 -1 7 -1 8 -1 65 -1 12 -1 23 -1 32 -1 3 -1 19 -1 20 -1 18 -1 10 -1 9 -1 11 -1 13 -1 23 -1 15 -1 17 -1 21 -1 14 -1 24 -1 25 -1 26 -1 29 -1 66 -1 28 -1 23 -1 34 -1 30 -1 31 -1 17 -1 33 -1 64 -1 27 -1 94 -1 35 -1 36 -1 27 -1 23 -1 94 -1 27 -1 16 -1 37 -1 34 -1 9 -1 11 -1 10 -1 27 -1 39 -1 95 -1 27 -1 95 -1 40 -1 95 -1 14 -1 23 -1 42 -1 95 -1 43 -1 42 -1 27 -1 68 -1 17 -1 69 -1 42 -1 94 -1 69 -1 27 -1 16 -1 9 -1 11 -1 95 -1 71 -1 42 -1 43 -1 95 -1 16 -1 42 -1 43 -1 27 -1 9 -1 95 -1 16 -1 48 -1 49 -1 50 -1 15 -1 10 -1 9 -1 95 -1 48 -1 11 -1 27 -1 95 -1 45 -1 13 -1 27 -1 95 -1 44 -1 34 -1 95 -1 70 -1 27 -1 50 -1 95 -1 43 -1 27 -1 16 -1 55 -1 56 -1 57 -1 58 -1 48 -1 59 -1 61 -1 34 -1 95 -1 52 -1 74 -1 94 -1 27 -1 34 -1 35 -1 34 -1 63 -1 -2
3 -1 2 -1 5 -1 4 -1 3 -1 61 -1 8 -1 7 -1 65 -1 3 -1 18 -1 12 -1 10 -1 9 -1 65 -1 19 -1 32 -1 20 -1 14 -1 23 -1 25 -1 66 -1 28 -1 32 -1 34 -1 30 -1 23 -1 31 -1 34 -1 92 -1 65 -1 38 -1 67 -1 10 -1 36 -1 65 -1 34 -1 36 -1 17 -1 23 -1 34 -1 65 -1 41 -1 42 -1 33 -1 69 -1 61 -1 42 -1 65 -1 50 -1 71 -1 34 -1 69 -1 71 -1 42 -1 43 -1 44 -1 50 -1 23 -1 99 -1 50 -1 45 -1 48 -1 49 -1 69 -1 92 -1 70 -1 99 -1 48 -1 49 -1 15 -1 13 -1 92 -1 27 -1 94 -1 94 -1 42 -1 43 -1 99 -1 55 -1 34 -1 56 -1 57 -1 58 -1 59 -1 48 -1 61 -1 92 -1 94 -1 36 -1 27 -1 92 -1 92 -1 36 -1 34 -1 53 -1 54 -1 39 -1 40 -1 34 -1 23 -1 60 -1 34 -1 99 -1 62 -1 94 -1 63 -1 -2
1 -1 3 -1 3 -1 4 -1 5 -1 65 -1 65 -1 61 -1 7 -1 14 -1 23 -1 3 -1 12 -1 17 -1 18 -1 32 -1 3 -1 13 -1 19 -1 3 -1 15 -1 20 -1 29 -1 34 -1 32 -1 25 -1 66 -1 28 -1 3 -1 38 -1 3 -1 38 -1 67 -1 76 -1 27 -1 33 -1 35 -1 36 -1 34 -1 3 -1 27 -1 35 -1 27 -1 42 -1 42 -1 95 -1 69 -1 23 -1 34 -1 95 -1 43 -1 95 -1 70 -1 34 -1 51 -1 46 -1 45 -1 49 -1 48 -1 45 -1 49 -1 48 -1 27 -1 94 -1 69 -1 95 -1 71 -1 27 -1 94 -1 68 -1 95 -1 53 -1 68 -1 34 -1 54 -1 82 -1 65 -1 27 -1 94 -1 34 -1 95 -1 55 -1 57 -1 56 -1 58 -1 48 -1 59 -1 61 -1 27 -1 94 -1 27 -1 65 -1 68 -1 34 -1 50 -1 34 -1 34 -1 65 -1 34 -1 34 -1 27 -1 94 -1 34 -1 34 -1 63 -1 -2
1 -1 2 -1 3 -1 64 -1 6 -1 5 -1 4 -1 10 -1 9 -1 11 -1 99 -1 7 -1 8 -1 18 -1 12 -1 32 -1 19 -1 14 -1 15 -1 13 -1 29 -1 17 -1 34 -1 35 -1 33 -1 36 -1 23 -1 35 -1 24 -1 25 -1 66 -1 35 -1 23 -1 27 -1 42 -1 42 -1 94 -1 43 -1 42 -1 34 -1 69 -1 71 -1 46 -1 45 -1 49 -1 16 -1 52 -1 53 -1 54 -1 65 -1 82 -1 95 -1 55 -1 58 -1 57 -1 58 -1 57 -1 56 -1 57 -1 34 -1 61 -1 67 -1 38 -1 39 -1 17 -1 40 -1 27 -1 94 -1 35 -1 35 -1 27 -1 94 -1 95 -1 27 -1 94 -1 34 -1 29 -1 50 -1 50 -1 34 -1 50 -1 65 -1 27 -1 65 -1 65 -1 34 -1 27 -1 94 -1 34 -1 94 -1 63 -1 -2
4 -1 5 -1 1 -1 61 -1 23 -1 12 -1 8 -1 13 -1 35 -1 31 -1 35 -1 3 -1 39 -1 40 -1 14 -1 42 -1 69 -1 23 -1 71 -1 49 -1 48 -1 2 -1 45 -1 49 -1 48 -1 17 -1 43 -1 23 -1 18 -1 55 -1 29 -1 57 -1 58 -1 61 -1 35 -1 42 -1 56 -1 33 -1 65 -1 53 -1 54 -1 12 -1 61 -1 68 -1 34 -1 17 -1 34 -1 68 -1 17 -1 34 -1 17 -1 34 -1 34 -1 34 -1 34 -1 63 -1 -2
1 -1 4 -1 5 -1 3 -1 61 -1 8 -1 7 -1 14 -1 3 -1 12 -1 2 -1 17 -1 18 -1 99 -1 23 -1 15 -1 13 -1 32 -1 29 -1 42 -1 12 -1 34 -1 50 -1 33 -1 50 -1 56 -1 24 -1 25 -1 23 -1 28 -1 66 -1 92 -1 34 -1 27 -1 94 -1 35 -1 35 -1 36 -1 34 -1 36 -1 41 -1 34 -1 39 -1 40 -1 40 -1 38 -1 67 -1 34 -1 42 -1 23 -1 99 -1 95 -1 71 -1 72 -1 23 -1 69 -1 73 -1 43 -1 17 -1 99 -1 95 -1 17 -1 45 -1 99 -1 95 -1 45 -1 49 -1 48 -1 51 -1 45 -1 46 -1 49 -1 51 -1 34 -1 27 -1 94 -1 92 -1 99 -1 95 -1 15 -1 13 -1 34 -1 27 -1 34 -1 92 -1 27 -1 99 -1 95 -1 55 -1 58 -1 56 -1 57 -1 58 -1 61 -1 92 -1 27 -1 94 -1 34 -1 34 -1 34 -1 34 -1 34 -1 99 -1 95 -1 92 -1 27 -1 94 -1 34 -1 63 -1 -2
4 -1 5 -1 1 -1 29 -1 33 -1 23 -1 3 -1 8 -1 7 -1 12 -1 34 -1 42 -1 20 -1 3 -1 19 -1 3 -1 10 -1 9 -1 26 -1 22 -1 24 -1 21 -1 25 -1 66 -1 28 -1 18 -1 27 -1 31 -1 30 -1 23 -1 34 -1 36 -1 41 -1 14 -1 43 -1 34 -1 32 -1 43 -1 44 -1 27 -1 17 -1 70 -1 94 -1 94 -1 49 -1 45 -1 48 -1 49 -1 48 -1 51 -1 23 -1 45 -1 46 -1 68 -1 95 -1 16 -1 45 -1 46 -1 49 -1 51 -1 34 -1 65 -1 68 -1 34 -1 27 -1 68 -1 27 -1 95 -1 50 -1 34 -1 23 -1 23 -1 65 -1 35 -1 56 -1 95 -1 53 -1 53 -1 54 -1 27 -1 27 -1 27 -1 27 -1 40 -1 34 -1 39 -1 23 -1 65 -1 14 -1 65 -1 17 -1 65 -1 55 -1 57 -1 58 -1 17 -1 59 -1 59 -1 57 -1 34 -1 61 -1 34 -1 17 -1 65 -1 54 -1 34 -1 27 -1 95 -1 27 -1 94 -1 29 -1 17 -1 17 -1 34 -1 17 -1 34 -1 63 -1 -2
5 -1 4 -1 1 -1 61 -1 23 -1 3 -1 9 -1 11 -1 10 -1 14 -1 8 -1 7 -1 12 -1 19 -1 13 -1 15 -1 28 -1 24 -1 66 -1 25 -1 18 -1 30 -1 31 -1 14 -1 36 -1 35 -1 39 -1 17 -1 40 -1 29 -1 16 -1 9 -1 10 -1 36 -1 42 -1 43 -1 44 -1 34 -1 70 -1 27 -1 45 -1 32 -1 23 -1 49 -1 48 -1 69 -1 94 -1 69 -1 68 -1 16 -1 33 -1 34 -1 71 -1 41 -1 50 -1 34 -1 74 -1 55 -1 57 -1 58 -1 27 -1 94 -1 34 -1 62 -1 27 -1 34 -1 34 -1 34 -1 63 -1 -2
1 -1 3 -1 2 -1 5 -1 4 -1 54 -1 61 -1 8 -1 7 -1 18 -1 12 -1 9 -1 10 -1 11 -1 32 -1 14 -1 16 -1 23 -1 10 -1 11 -1 15 -1 29 -1 34 -1 17 -1 13 -1 23 -1 16 -1 19 -1 33 -1 24 -1 34 -1 25 -1 26 -1 9 -1 10 -1 11 -1 66 -1 17 -1 30 -1 31 -1 35 -1 16 -1 37 -1 76 -1 36 -1 35 -1 23 -1 27 -1 56 -1 94 -1 54 -1 42 -1 39 -1 40 -1 95 -1 43 -1 44 -1 37 -1 71 -1 69 -1 45 -1 46 -1 34 -1 51 -1 49 -1 48 -1 27 -1 94 -1 65 -1 55 -1 57 -1 58 -1 27 -1 94 -1 95 -1 76 -1 36 -1 27 -1 94 -1 17 -1 34 -1 34 -1 34 -1 34 -1 34 -1 34 -1 34 -1 34 -1 95 -1 63 -1 -2
3 -1 2 -1 1 -1 64 -1 5 -1 4 -1 61 -1 18 -1 29 -1 12 -1 9 -1 10 -1 11 -1 34 -1 23 -1 32 -1 14 -1 13 -1 15 -1 17 -1 33 -1 16 -1 9 -1 10 -1 11 -1 16 -1 30 -1 31 -1 9 -1 10 -1 11 -1 16 -1 24 -1 25 -1 28 -1 66 -1 36 -1 9 -1 10 -1 11 -1 16 -1 36 -1 34 -1 56 -1 42 -1 43 -1 69 -1 71 -1 44 -1 27 -1 39 -1 94 -1 45 -1 46 -1 51 -1 49 -1 48 -1 34 -1 40 -1 67 -1 29 -1 34 -1 34 -1 34 -1 55 -1 57 -1 58 -1 60 -1 34 -1 68 -1 78 -1 79 -1 34 -1 34 -1 95 -1 34 -1 34 -1 34 -1 34 -1 34 -1 92 -1 17 -1 2 -1 3 -1 3 -1 3 -1 3 -1 2 -1 2 -1 2 -1 1 -1 3 -1 2 -1 64 -1 3 -1 3 -1 4 -1 5 -1 61 -1 2 -1 18 -1 2 -1 3 -1 29 -1 7 -1 8 -1 12 -1 14 -1 9 -1 11 -1 34 -1 23 -1 13 -1 23 -1 34 -1 32 -1 15 -1 17 -1 33 -1 16 -1 30 -1 31 -1 9 -1 24 -1 16 -1 25 -1 26 -1 28 -1 9 -1 66 -1 16 -1 36 -1 9 -1 10 -1 16 -1 36 -1 34 -1 56 -1 42 -1 43 -1 69 -1 71 -1 44 -1 27 -1 39 -1 99 -1 94 -1 45 -1 95 -1 46 -1 27 -1 95 -1 49 -1 48 -1 27 -1 34 -1 40 -1 67 -1 29 -1 34 -1 34 -1 55 -1 57 -1 58 -1 60 -1 36 -1 60 -1 34 -1 68 -1 78 -1 79 -1 68 -1 34 -1 50 -1 50 -1 50 -1 34 -1 34 -1 34 -1 34 -1 34 -1 34 -1 92 -1 92 -1 63 -1 -2
1 -1 2 -1 3 -1 3 -1 5 -1 4 -1 6 -1 3 -1 8 -1 7 -1 9 -1 11 -1 10 -1 12 -1 23 -1 25 -1 17 -1 32 -1 26 -1 14 -1 24 -1 15 -1 13 -1 66 -1 23 -1 18 -1 17 -1 16 -1 30 -1 31 -1 34 -1 30 -1 9 -1 11 -1 10 -1 23 -1 33 -1 23 -1 35 -1 27 -1 94 -1 56 -1 35 -1 11 -1 39 -1 39 -1 29 -1 11 -1 40 -1 34 -1 40 -1 42 -1 37 -1 76 -1 36 -1 36 -1 42 -1 43 -1 44 -1 55 -1 61 -1 57 -1 23 -1 58 -1 59 -1 45 -1 71 -1 95 -1 49 -1 48 -1 51 -1 45 -1 46 -1 27 -1 68 -1 34 -1 34 -1 16 -1 67 -1 52 -1 41 -1 74 -1 38 -1 34 -1 17 -1 27 -1 34 -1 34 -1 63 -1 -2
1 -1 2 -1 5 -1 4 -1 2 -1 61 -1 8 -1 7 -1 12 -1 19 -1 77 -1 18 -1 23 -1 15 -1 13 -1 15 -1 14 -1 32 -1 24 -1 25 -1 26 -1 17 -1 66 -1 28 -1 30 -1 31 -1 29 -1 34 -1 27 -1 27 -1 94 -1 23 -1 17 -1 27 -1 34 -1 33 -1 56 -1 34 -1 74 -1 50 -1 53 -1 54 -1 35 -1 23 -1 95 -1 27 -1 94 -1 36 -1 37 -1 36 -1 41 -1 67 -1 40 -1 39 -1 41 -1 27 -1 42 -1 71 -1 71 -1 71 -1 95 -1 43 -1 95 -1 42 -1 34 -1 43 -1 94 -1 95 -1 27 -1 44 -1 95 -1 44 -1 94 -1 95 -1 45 -1 49 -1 48 -1 45 -1 48 -1 49 -1 48 -1 48 -1 34 -1 49 -1 45 -1 49 -1 45 -1 49 -1 27 -1 94 -1 69 -1 69 -1 34 -1 60 -1 71 -1 34 -1 20 -1 71 -1 65 -1 65 -1 55 -1 57 -1 58 -1 57 -1 34 -1 34 -1 63 -1 -2
5 -1 4 -1 6 -1 8 -1 7 -1 14 -1 12 -1 19 -1 20 -1 23 -1 15 -1 13 -1 18 -1 65 -1 21 -1 22 -1 26 -1 24 -1 25 -1 17 -1 3 -1 66 -1 28 -1 17 -1 17 -1 65 -1 3 -1 9 -1 11 -1 10 -1 64 -1 30 -1 31 -1 31 -1 31 -1 11 -1 16 -1 68 -1 39 -1 40 -1 29 -1 27 -1 23 -1 34 -1 27 -1 27 -1 35 -1 95 -1 95 -1 50 -1 27 -1 94 -1 36 -1 27 -1 37 -1 41 -1 67 -1 38 -1 71 -1 69 -1 42 -1 43 -1 44 -1 95 -1 27 -1 34 -1 45 -1 49 -1 95 -1 45 -1 95 -1 49 -1 48 -1 45 -1 49 -1 48 -1 49 -1 45 -1 13 -1 15 -1 27 -1 94 -1 13 -1 27 -1 15 -1 27 -1 27 -1 55 -1 57 -1 58 -1 57 -1 59 -1 34 -1 27 -1 33 -1 60 -1 95 -1 69 -1 69 -1 27 -1 1 -1 61 -1 95 -1 52 -1 34 -1 53 -1 54 -1 27 -1 34 -1 34 -1 60 -1 34 -1 65 -1 65 -1 34 -1 65 -1 34 -1 63 -1 -2
1 -1 3 -1 3 -1 2 -1 3 -1 2 -1 4 -1 5 -1 8 -1 61 -1 7 -1 99 -1 92 -1 12 -1 23 -1 3 -1 10 -1 9 -1 11 -1 19 -1 99 -1 18 -1 23 -1 32 -1 14 -1 16 -1 33 -1 13 -1 9 -1 10 -1 17 -1 24 -1 21 -1 26 -1 17 -1 28 -1 30 -1 31 -1 29 -1 34 -1 92 -1 23 -1 35 -1 92 -1 99 -1 36 -1 92 -1 37 -1 16 -1 36 -1 68 -1 38 -1 67 -1 34 -1 39 -1 40 -1 42 -1 43 -1 17 -1 44 -1 71 -1 49 -1 45 -1 99 -1 49 -1 48 -1 45 -1 15 -1 92 -1 17 -1 34 -1 56 -1 17 -1 74 -1 28 -1 69 -1 17 -1 55 -1 57 -1 58 -1 57 -1 59 -1 99 -1 92 -1 14 -1 34 -1 17 -1 78 -1 34 -1 78 -1 29 -1 34 -1 34 -1 34 -1 63 -1 -2
3 -1 1 -1 54 -1 5 -1 4 -1 3 -1 8 -1 12 -1 3 -1 9 -1 11 -1 10 -1 19 -1 32 -1 18 -1 13 -1 23 -1 15 -1 16 -1 22 -1 14 -1 20 -1 32 -1 24 -1 3 -1 34 -1 17 -1 9 -1 11 -1 10 -1 25 -1 66 -1 16 -1 29 -1 34 -1 31 -1 30 -1 30 -1 31 -1 34 -1 33 -1 23 -1 23 -1 34 -1 35 -1 36 -1 64 -1 76 -1 41 -1 42 -1 43 -1 73 -1 69 -1 72 -1 71 -1 34 -1 70 -1 64 -1 45 -1 49 -1 48 -1 45 -1 61 -1 55 -1 35 -1 56 -1 57 -1 34 -1 58 -1 59 -1 53 -1 39 -1 40 -1 53 -1 34 -1 54 -1 27 -1 94 -1 34 -1 95 -1 27 -1 94 -1 63 -1 -2
4 -1 5 -1 6 -1 2 -1 99 -1 8 -1 18 -1 7 -1 12 -1 24 -1 25 -1 66 -1 3 -1 14 -1 23 -1 3 -1 9 -1 10 -1 11 -1 15 -1 13 -1 29 -1 13 -1 15 -1 17 -1 28 -1 16 -1 9 -1 11 -1 10 -1 16 -1 27 -1 30 -1 34 -1 94 -1 33 -1 33 -1 32 -1 31 -1 33 -1 31 -1 34 -1 32 -1 32 -1 35 -1 36 -1 65 -1 36 -1 68 -1 37 -1 36 -1 41 -1 42 -1 43 -1 95 -1 27 -1 94 -1 71 -1 72 -1 95 -1 49 -1 48 -1 51 -1 34 -1 45 -1 46 -1 27 -1 94 -1 50 -1 34 -1 50 -1 39 -1 65 -1 34 -1 40 -1 74 -1 56 -1 78 -1 6 -1 34 -1 52 -1 53 -1 79 -1 27 -1 54 -1 65 -1 55 -1 35 -1 34 -1 57 -1 58 -1 59 -1 95 -1 27 -1 94 -1 95 -1 27 -1 94 -1 34 -1 34 -1 17 -1 63 -1 -2
1 -1 3 -1 2 -1 64 -1 4 -1 5 -1 4 -1 5 -1 10 -1 9 -1 11 -1 12 -1 23 -1 19 -1 13 -1 15 -1 18 -1 13 -1 32 -1 13 -1 14 -1 30 -1 31 -1 30 -1 29 -1 35 -1 68 -1 36 -1 24 -1 25 -1 66 -1 28 -1 33 -1 27 -1 17 -1 34 -1 34 -1 16 -1 34 -1 23 -1 50 -1 14 -1 50 -1 50 -1 56 -1 27 -1 94 -1 74 -1 14 -1 14 -1 34 -1 17 -1 35 -1 36 -1 34 -1 27 -1 67 -1 95 -1 95 -1 42 -1 95 -1 43 -1 39 -1 27 -1 94 -1 40 -1 95 -1 18 -1 94 -1 95 -1 43 -1 94 -1 44 -1 18 -1 95 -1 27 -1 45 -1 94 -1 95 -1 48 -1 49 -1 34 -1 60 -1 45 -1 60 -1 27 -1 49 -1 27 -1 69 -1 71 -1 69 -1 71 -1 95 -1 23 -1 23 -1 34 -1 95 -1 48 -1 49 -1 43 -1 27 -1 94 -1 95 -1 55 -1 57 -1 58 -1 59 -1 48 -1 49 -1 45 -1 61 -1 79 -1 34 -1 95 -1 95 -1 48 -1 49 -1 48 -1 48 -1 34 -1 60 -1 34 -1 27 -1 79 -1 34 -1 63 -1 1 -1 3 -1 2 -1 64 -1 4 -1 5 -1 4 -1 5 -1 10 -1 9 -1 11 -1 12 -1 23 -1 19 -1 13 -1 15 -1 18 -1 13 -1 32 -1 13 -1 14 -1 30 -1 31 -1 30 -1 29 -1 35 -1 68 -1 36 -1 24 -1 25 -1 66 -1 28 -1 33 -1 27 -1 17 -1 34 -1 34 -1 16 -1 34 -1 23 -1 50 -1 14 -1 50 -1 50 -1 74 -1 27 -1 94 -1 14 -1 14 -1 34 -1 17 -1 35 -1 36 -1 34 -1 27 -1 67 -1 95 -1 95 -1 42 -1 95 -1 43 -1 39 -1 27 -1 94 -1 40 -1 95 -1 18 -1 94 -1 95 -1 43 -1 94 -1 44 -1 18 -1 95 -1 27 -1 45 -1 94 -1 95 -1 48 -1 49 -1 34 -1 60 -1 45 -1 60 -1 27 -1 49 -1 27 -1 69 -1 71 -1 69 -1 71 -1 95 -1 23 -1 23 -1 34 -1 95 -1 48 -1 49 -1 43 -1 27 -1 94 -1 95 -1 55 -1 57 -1 58 -1 59 -1 48 -1 49 -1 45 -1 61 -1 79 -1 34 -1 95 -1 95 -1 48 -1 49 -1 48 -1 48 -1 34 -1 60 -1 34 -1 27 -1 79 -1 34 -1 63 -1 -2
1 -1 3 -1 2 -1 64 -1 4 -1 5 -1 10 -1 65 -1 61 -1 23 -1 53 -1 54 -1 7 -1 18 -1 12 -1 16 -1 3 -1 17 -1 3 -1 15 -1 32 -1 13 -1 14 -1 9 -1 11 -1 10 -1 15 -1 32 -1 16 -1 23 -1 31 -1 17 -1 30 -1 29 -1 31 -1 3 -1 9 -1 11 -1 34 -1 10 -1 24 -1 25 -1 23 -1 26 -1 66 -1 35 -1 16 -1 34 -1 3 -1 10 -1 9 -1 11 -1 33 -1 39 -1 40 -1 36 -1 50 -1 16 -1 36 -1 37 -1 76 -1 42 -1 9 -1 11 -1 43 -1 10 -1 49 -1 48 -1 45 -1 33 -1 27 -1 94 -1 94 -1 69 -1 71 -1 95 -1 34 -1 94 -1 34 -1 44 -1 27 -1 3 -1 94 -1 95 -1 95 -1 3 -1 9 -1 11 -1 33 -1 10 -1 34 -1 27 -1 20 -1 94 -1 36 -1 12 -1 34 -1 16 -1 9 -1 10 -1 10 -1 34 -1 78 -1 79 -1 53 -1 54 -1 12 -1 94 -1 27 -1 34 -1 34 -1 34 -1 10 -1 34 -1 34 -1 50 -1 50 -1 10 -1 53 -1 54 -1 34 -1 10 -1 55 -1 57 -1 58 -1 59 -1 61 -1 95 -1 12 -1 10 -1 10 -1 34 -1 10 -1 62 -1 34 -1 94 -1 32 -1 10 -1 34 -1 94 -1 34 -1 12 -1 34 -1 10 -1 94 -1 95 -1 12 -1 34 -1 95 -1 10 -1 45 -1 71 -1 49 -1 48 -1 77 -1 34 -1 94 -1 94 -1 63 -1 63 -1 -2
2 -1 1 -1 2 -1 3 -1 5 -1 4 -1 3 -1 3 -1 7 -1 8 -1 10 -1 9 -1 11 -1 18 -1 8 -1 7 -1 12 -1 14 -1 32 -1 17 -1 23 -1 19 -1 29 -1 20 -1 34 -1 33 -1 11 -1 27 -1 15 -1 13 -1 32 -1 77 -1 23 -1 24 -1 25 -1 32 -1 26 -1 66 -1 28 -1 30 -1 68 -1 16 -1 34 -1 50 -1 53 -1 34 -1 54 -1 65 -1 30 -1 31 -1 38 -1 67 -1 50 -1 76 -1 76 -1 67 -1 35 -1 34 -1 36 -1 41 -1 56 -1 41 -1 42 -1 43 -1 34 -1 71 -1 27 -1 34 -1 69 -1 71 -1 27 -1 94 -1 71 -1 69 -1 95 -1 48 -1 45 -1 49 -1 44 -1 34 -1 49 -1 45 -1 95 -1 48 -1 49 -1 48 -1 95 -1 45 -1 49 -1 49 -1 48 -1 34 -1 45 -1 45 -1 48 -1 49 -1 27 -1 94 -1 69 -1 95 -1 55 -1 57 -1 58 -1 57 -1 56 -1 57 -1 58 -1 34 -1 61 -1 55 -1 56 -1 57 -1 58 -1 57 -1 56 -1 58 -1 57 -1 58 -1 27 -1 94 -1 95 -1 27 -1 39 -1 40 -1 29 -1 25 -1 66 -1 28 -1 69 -1 34 -1 69 -1 50 -1 50 -1 34 -1 79 -1 45 -1 63 -1 -2
1 -1 2 -1 2 -1 2 -1 5 -1 10 -1 10 -1 61 -1 8 -1 12 -1 18 -1 32 -1 14 -1 19 -1 23 -1 29 -1 17 -1 13 -1 15 -1 27 -1 23 -1 15 -1 13 -1 34 -1 23 -1 26 -1 95 -1 27 -1 27 -1 94 -1 23 -1 24 -1 25 -1 66 -1 30 -1 31 -1 39 -1 33 -1 40 -1 34 -1 35 -1 41 -1 17 -1 42 -1 67 -1 95 -1 36 -1 56 -1 27 -1 94 -1 42 -1 43 -1 17 -1 44 -1 70 -1 3 -1 95 -1 69 -1 95 -1 45 -1 95 -1 49 -1 48 -1 45 -1 17 -1 16 -1 49 -1 48 -1 34 -1 69 -1 49 -1 48 -1 49 -1 48 -1 9 -1 10 -1 17 -1 55 -1 57 -1 58 -1 59 -1 48 -1 45 -1 34 -1 65 -1 36 -1 27 -1 37 -1 17 -1 95 -1 34 -1 27 -1 17 -1 68 -1 34 -1 50 -1 34 -1 34 -1 34 -1 27 -1 63 -1 -2
3 -1 1 -1 4 -1 5 -1 3 -1 7 -1 18 -1 12 -1 10 -1 9 -1 61 -1 19 -1 32 -1 20 -1 23 -1 13 -1 23 -1 14 -1 13 -1 15 -1 21 -1 29 -1 17 -1 26 -1 28 -1 34 -1 27 -1 30 -1 31 -1 94 -1 30 -1 31 -1 68 -1 33 -1 39 -1 17 -1 50 -1 40 -1 50 -1 37 -1 38 -1 67 -1 76 -1 34 -1 35 -1 36 -1 56 -1 41 -1 17 -1 42 -1 43 -1 95 -1 95 -1 43 -1 95 -1 43 -1 45 -1 49 -1 48 -1 95 -1 45 -1 95 -1 49 -1 48 -1 44 -1 27 -1 48 -1 49 -1 50 -1 27 -1 95 -1 45 -1 49 -1 34 -1 45 -1 49 -1 48 -1 45 -1 27 -1 49 -1 48 -1 45 -1 69 -1 71 -1 69 -1 71 -1 69 -1 71 -1 71 -1 69 -1 27 -1 94 -1 95 -1 65 -1 27 -1 94 -1 55 -1 56 -1 57 -1 58 -1 57 -1 34 -1 94 -1 63 -1 63 -1 -2
64 -1 3 -1 2 -1 4 -1 5 -1 3 -1 7 -1 18 -1 12 -1 7 -1 13 -1 14 -1 13 -1 15 -1 19 -1 20 -1 17 -1 29 -1 19 -1 43 -1 34 -1 24 -1 25 -1 66 -1 28 -1 50 -1 43 -1 34 -1 43 -1 50 -1 39 -1 40 -1 32 -1 67 -1 38 -1 35 -1 36 -1 36 -1 37 -1 34 -1 33 -1 34 -1 56 -1 42 -1 43 -1 29 -1 43 -1 34 -1 23 -1 49 -1 48 -1 27 -1 68 -1 44 -1 49 -1 48 -1 45 -1 14 -1 49 -1 48 -1 45 -1 45 -1 45 -1 17 -1 49 -1 48 -1 69 -1 71 -1 95 -1 65 -1 55 -1 57 -1 58 -1 59 -1 34 -1 58 -1 27 -1 94 -1 34 -1 34 -1 50 -1 34 -1 95 -1 79 -1 27 -1 94 -1 34 -1 63 -1 -2
3 -1 2 -1 1 -1 4 -1 5 -1 6 -1 7 -1 8 -1 64 -1 18 -1 9 -1 10 -1 11 -1 12 -1 14 -1 17 -1 23 -1 32 -1 13 -1 15 -1 77 -1 26 -1 28 -1 23 -1 30 -1 31 -1 16 -1 33 -1 29 -1 27 -1 27 -1 94 -1 27 -1 23 -1 34 -1 35 -1 36 -1 38 -1 67 -1 39 -1 40 -1 34 -1 42 -1 43 -1 44 -1 46 -1 45 -1 48 -1 49 -1 51 -1 69 -1 73 -1 71 -1 72 -1 45 -1 48 -1 49 -1 65 -1 55 -1 57 -1 58 -1 56 -1 57 -1 58 -1 61 -1 35 -1 52 -1 74 -1 34 -1 36 -1 34 -1 35 -1 36 -1 34 -1 71 -1 72 -1 63 -1 -2
1 -1 3 -1 2 -1 3 -1 5 -1 4 -1 54 -1 64 -1 61 -1 8 -1 7 -1 27 -1 10 -1 9 -1 11 -1 12 -1 61 -1 17 -1 19 -1 20 -1 65 -1 13 -1 15 -1 16 -1 65 -1 29 -1 24 -1 25 -1 66 -1 30 -1 65 -1 31 -1 39 -1 40 -1 18 -1 35 -1 33 -1 33 -1 36 -1 29 -1 33 -1 38 -1 37 -1 65 -1 42 -1 43 -1 44 -1 45 -1 32 -1 49 -1 48 -1 34 -1 67 -1 69 -1 71 -1 69 -1 55 -1 56 -1 57 -1 58 -1 74 -1 56 -1 29 -1 63 -1 -2
