0 1 2 3 3 3 4 5 6 7 8 9 10 11 12 13 14 13 15 16 9 10 11 17 13 13 18 15 15 19 20 21 22 23 24 25 26 27 28 29 23 30 31 29 30 32 33 16 34 35 29 36 37 38 39 40 41 42 43 44 43 45 46 45 48 49 45 46 48 49 50 48 51 48 49 48 49 48 49 51 52 53 50 54 50 55 56 57 58 57 58 57 58 59 45 46 60 1 61 62 63 100 
0 1 2 3 5 4 6 61 7 8 18 12 19 14 23 20 27 64 17 23 65 29 24 25 26 48 49 45 48 49 33 66 32 31 30 31 35 34 35 36 67 35 36 68 41 39 40 42 69 43 43 50 44 70 48 49 45 46 49 48 51 15 13 65 71 72 69 73 55 56 57 58 52 74 41 35 42 63 100 
0 2 1 5 4 61 7 23 12 18 19 20 14 13 15 31 30 67 38 28 17 13 23 3 15 32 29 35 41 64 27 42 43 23 48 44 48 9 10 49 69 73 72 71 69 68 13 15 48 49 45 45 45 48 49 51 45 48 49 46 34 16 39 33 40 55 56 57 58 59 45 45 68 68 68 50 50 50 60 63 100 
0 2 2 3 1 4 5 7 61 3 12 9 10 11 14 18 17 13 65 15 33 29 29 30 31 24 25 66 35 16 36 37 76 9 10 39 40 69 42 43 70 49 48 45 48 49 69 77 19 71 20 77 14 55 56 57 58 59 34 14 11 45 71 16 71 35 71 35 71 71 29 43 49 48 45 35 71 55 59 57 58 56 57 58 57 58 57 56 57 71 29 48 49 29 64 27 68 68 71 68 50 63 100 
0 1 3 2 2 3 4 5 61 3 8 7 18 12 9 10 15 29 13 32 21 22 28 31 30 35 33 36 37 14 39 34 40 17 41 42 43 44 16 45 64 27 48 49 69 71 45 46 48 49 51 45 46 78 79 56 74 55 56 57 58 48 45 69 71 63 100 
0 2 3 2 3 1 2 2 3 5 4 61 8 7 3 12 9 10 11 18 33 23 13 33 32 23 15 28 24 25 35 16 37 14 9 10 11 16 31 30 17 33 29 39 40 41 42 43 34 44 45 49 48 71 71 69 69 50 69 50 55 56 57 57 58 74 27 64 63 100 
0 1 3 2 6 4 5 7 61 12 12 64 27 23 15 13 14 26 24 32 21 25 66 30 31 17 18 29 23 23 35 33 23 68 34 68 68 36 37 37 36 67 38 39 33 40 41 56 42 50 43 43 44 45 45 46 29 49 48 48 51 69 71 55 56 57 58 59 58 23 29 78 79 49 48 48 45 49 63 100 
0 4 5 1 61 18 65 7 14 12 65 19 32 13 64 15 17 3 29 9 10 16 53 9 10 11 54 24 24 25 66 31 28 33 30 35 16 37 36 39 40 41 68 42 43 44 70 34 45 46 49 48 77 77 72 71 73 69 55 56 57 58 59 43 27 35 50 50 82 29 14 63 100 
0 2 3 1 4 5 3 61 35 9 11 10 14 7 8 16 12 9 11 10 17 29 32 23 13 18 15 28 11 16 31 27 64 30 35 33 56 35 36 39 23 40 41 34 35 35 42 43 44 70 45 48 49 29 49 48 45 51 46 69 71 69 71 55 56 57 57 58 59 48 69 57 57 55 71 71 74 50 50 43 63 100 
0 2 3 3 1 4 5 54 64 61 7 8 3 18 9 10 12 11 14 32 19 20 17 13 15 16 13 27 13 15 28 31 30 34 35 36 76 41 42 43 41 50 41 43 44 39 40 50 38 67 69 71 46 51 69 71 72 45 48 49 60 49 56 41 54 55 57 57 58 41 63 100 
0 2 3 3 1 3 3 3 3 3 3 64 3 3 3 4 5 7 61 65 23 12 19 20 3 33 10 9 18 14 3 9 11 65 28 24 30 30 29 31 32 31 16 65 68 17 35 34 68 67 38 40 16 39 65 42 43 36 44 45 45 48 49 69 71 41 70 43 55 35 56 57 58 35 68 27 63 100 
0 3 1 4 5 7 3 8 9 11 10 12 19 14 32 16 9 11 10 20 14 23 16 18 31 30 31 17 23 53 29 65 54 65 64 27 25 26 66 28 34 55 61 58 57 56 57 58 35 36 33 38 39 40 41 43 68 76 70 69 73 71 72 42 35 35 65 50 45 48 49 50 43 45 77 37 48 49 45 35 35 46 51 65 65 65 48 45 48 49 48 45 45 48 49 45 48 49 45 48 49 48 63 100 
0 3 1 2 1 1 5 4 6 3 3 7 12 32 14 9 11 10 19 18 23 13 17 15 23 29 31 30 64 26 25 24 66 33 27 68 23 23 23 34 23 35 35 36 50 16 38 67 9 10 39 40 41 42 43 50 44 69 73 49 48 71 45 69 71 49 45 48 35 49 48 45 49 48 71 52 16 53 54 55 56 57 58 59 35 40 63 100 
0 1 1 1 1 3 2 2 5 4 6 7 8 3 9 10 11 12 16 18 65 19 3 20 9 10 11 16 9 10 11 16 14 32 34 30 31 17 22 26 24 3 25 27 64 28 35 33 23 23 71 52 65 53 36 54 65 36 35 68 41 42 43 39 43 40 44 70 70 69 69 50 45 50 48 49 49 48 49 45 48 49 71 69 48 45 49 48 3 9 10 11 71 69 16 9 10 11 16 65 55 56 9 10 11 61 16 56 57 58 57 58 57 58 9 10 11 57 57 58 16 57 59 9 10 11 16 14 9 10 11 60 16 69 9 10 11 65 16 9 10 11 16 48 65 69 9 10 11 65 16 48 9 10 11 65 16 65 9 10 11 16 44 65 78 79 63 100 
0 1 5 4 7 8 18 29 19 20 15 14 13 15 13 30 31 34 26 22 28 32 17 27 64 23 33 23 23 35 36 35 36 35 68 3 23 39 40 67 3 65 9 11 10 50 52 16 56 50 41 74 12 43 43 44 44 70 44 43 44 70 48 49 51 48 45 48 49 13 45 45 13 45 48 49 48 45 60 45 55 61 57 58 59 69 73 71 72 42 20 20 45 63 100 
0 1 1 3 2 6 5 4 8 7 3 12 9 11 10 16 28 18 9 11 10 16 19 9 11 10 20 13 32 30 31 14 71 69 17 16 33 38 68 67 76 35 36 39 50 40 41 65 42 42 42 42 42 42 43 43 71 71 72 69 73 27 71 72 71 72 71 72 34 44 23 44 45 46 46 45 48 49 49 51 52 56 76 65 53 35 54 35 35 82 65 55 61 57 56 57 58 48 57 58 57 58 57 48 49 35 60 78 79 63 100 
0 1 3 2 3 5 4 3 7 9 11 10 14 16 65 12 17 9 11 10 16 23 32 9 11 10 13 16 15 9 11 10 16 18 9 11 10 16 9 11 10 30 31 9 11 10 29 30 16 9 11 10 16 9 11 10 16 9 11 10 33 27 16 24 9 11 10 16 25 66 28 34 35 68 36 36 38 67 53 41 53 54 65 50 39 65 40 65 42 43 50 43 44 72 71 70 69 73 49 48 51 45 46 55 56 56 45 57 58 45 48 49 73 69 45 48 49 82 71 45 49 65 63 100 
0 3 2 2 3 6 5 4 3 9 10 12 18 17 32 14 19 33 29 20 13 15 13 13 50 30 50 31 24 26 14 66 28 27 13 77 34 35 35 35 36 37 38 67 76 65 69 73 16 52 53 65 56 41 41 54 42 43 44 69 73 71 72 71 70 45 48 49 55 35 56 56 57 58 57 58 59 39 65 40 78 50 79 50 50 50 61 14 60 63 100 
0 1 2 3 4 5 10 6 16 14 23 17 18 7 32 12 23 65 15 13 31 33 30 64 3 65 21 27 26 29 25 24 66 28 9 10 11 65 16 21 34 35 36 38 76 38 76 23 67 76 76 37 41 42 23 42 43 70 44 69 73 44 69 73 71 72 20 48 49 51 48 48 15 46 45 13 45 48 49 45 55 56 65 57 58 57 59 61 65 52 53 36 76 76 67 50 50 53 54 76 43 36 69 48 45 49 71 82 78 79 60 63 100 
0 2 64 3 4 5 7 61 65 18 12 15 32 13 27 31 17 30 24 25 66 28 33 53 35 34 36 38 67 36 39 65 40 65 41 42 43 44 44 51 49 48 46 45 70 70 69 73 71 72 69 71 46 45 48 49 51 55 56 57 58 57 58 58 57 56 59 56 57 59 53 65 54 82 45 49 48 42 69 82 65 82 35 36 43 41 35 69 42 69 73 48 49 35 65 55 63 100 
0 2 3 1 6 5 4 10 12 12 19 20 13 10 18 33 15 13 32 30 31 30 26 26 28 35 36 29 14 15 77 77 77 77 17 35 35 35 36 50 42 41 42 43 70 44 34 69 73 69 73 48 49 51 45 46 48 45 49 51 45 46 48 49 51 45 46 71 72 48 49 51 69 69 73 71 72 55 56 57 58 59 48 49 56 61 27 60 50 50 62 48 49 45 45 69 48 49 39 45 40 62 45 68 45 46 45 62 62 68 68 43 68 68 3 3 16 3 10 35 63 100 
0 2 1 2 3 3 3 5 4 6 3 8 7 61 3 12 9 11 10 15 13 18 15 28 24 14 25 66 26 29 32 17 31 30 35 36 16 33 10 9 34 16 38 64 27 36 9 10 39 40 42 43 44 71 72 69 73 78 45 46 48 49 79 48 49 48 48 49 16 55 56 57 58 59 70 52 56 74 60 35 70 48 49 69 71 45 49 48 48 50 50 35 78 79 63 100 
0 6 4 5 1 14 29 8 7 23 3 17 30 12 31 19 20 13 15 32 21 22 34 18 9 10 11 16 9 10 11 64 27 11 23 23 23 11 30 31 16 38 67 36 35 41 42 9 10 43 73 69 71 45 48 49 49 48 48 49 48 68 39 40 16 14 9 10 11 35 35 55 56 61 57 58 45 69 71 45 49 48 68 16 50 52 53 53 54 63 100 
0 3 2 1 4 5 7 61 18 12 29 19 20 13 15 28 32 30 31 14 37 38 76 67 36 39 40 32 36 35 36 41 42 43 68 44 33 45 49 48 73 69 72 71 56 55 57 58 59 49 48 35 71 49 48 50 35 50 18 63 100 
0 1 4 5 3 3 61 17 29 18 32 7 7 8 64 27 12 56 19 33 20 23 15 13 21 22 24 25 26 66 34 35 36 35 36 76 37 39 40 41 56 74 42 69 73 72 71 43 44 45 46 48 49 51 65 55 57 58 59 59 63 100 
0 4 5 14 18 17 29 1 7 8 61 12 32 69 73 33 8 7 69 20 13 15 34 50 53 50 53 54 28 19 69 73 69 35 48 64 27 60 42 43 44 71 72 71 72 48 51 49 46 45 55 57 58 59 58 57 56 74 35 41 35 63 100 
0 1 3 3 2 2 3 4 5 6 18 7 9 11 10 14 12 9 11 10 32 29 17 19 13 11 9 11 10 15 34 33 16 9 11 10 20 33 30 31 21 22 26 11 25 24 66 30 31 23 64 35 27 41 35 65 16 9 11 10 35 36 16 37 76 37 9 10 11 35 36 36 16 9 11 10 41 35 41 41 56 6 42 73 69 9 11 10 71 72 44 43 16 9 11 10 16 9 11 10 43 70 70 45 46 50 50 48 49 48 48 11 49 15 10 55 57 58 59 57 58 61 52 48 65 15 60 53 48 49 54 82 48 49 49 9 10 11 16 60 78 79 63 100 
0 1 3 2 3 54 4 5 7 12 23 15 17 13 77 18 31 30 26 24 25 34 66 28 32 33 64 3 9 11 10 27 35 16 35 50 34 23 39 40 36 34 41 42 43 68 44 70 48 49 45 69 73 71 72 20 19 56 68 29 34 61 74 34 50 18 68 34 55 29 57 58 59 57 35 34 34 61 63 100 
0 4 5 23 12 32 42 19 17 18 17 23 18 18 18 28 68 64 27 50 29 34 50 69 71 19 92 19 78 79 17 69 34 34 19 18 69 19 69 35 36 36 60 41 68 34 39 42 40 43 44 17 45 46 48 49 48 51 17 55 56 57 58 56 57 58 59 35 56 57 17 68 69 18 34 17 17 18 18 18 34 18 64 27 34 78 33 34 18 18 34 62 62 34 60 34 34 34 64 27 69 19 34 69 69 69 69 64 27 63 100 
0 1 64 3 2 4 5 6 3 14 9 11 10 8 7 18 17 12 31 30 30 31 29 19 20 34 20 13 15 65 11 32 11 27 26 28 65 34 33 11 11 34 16 35 36 37 76 36 35 65 41 39 40 34 41 69 73 72 71 42 43 44 46 45 48 51 49 65 34 55 57 58 59 70 61 52 34 56 74 35 35 68 34 50 34 34 63 100 
0 3 1 3 3 5 4 6 7 7 8 12 29 30 31 30 31 30 19 32 20 14 34 23 15 13 26 17 28 24 66 18 23 33 64 27 34 33 23 23 33 35 35 34 37 50 76 36 50 41 41 50 42 39 68 40 34 73 69 3 71 72 50 9 10 48 49 71 48 49 44 70 48 49 51 46 45 43 55 57 61 58 57 58 57 34 35 59 59 34 19 34 52 78 56 53 16 54 79 34 34 33 63 100 
0 3 2 1 5 4 3 53 54 7 61 3 12 18 65 3 9 11 10 19 16 9 11 10 14 16 20 32 9 11 10 13 15 17 30 31 28 29 34 33 16 65 34 23 65 34 64 27 35 50 36 17 39 40 65 50 41 42 50 50 43 44 69 73 71 72 45 46 48 49 51 55 56 57 58 59 65 63 100 
0 3 1 2 3 3 3 4 5 6 12 30 31 30 30 31 19 20 13 15 18 32 30 31 35 36 14 35 39 34 64 27 40 41 76 37 42 43 44 69 73 60 71 72 45 46 14 48 49 51 17 69 50 34 23 69 50 29 34 55 57 58 57 58 57 58 59 59 34 23 61 34 50 78 79 50 50 50 34 33 33 34 62 34 60 63 100 
0 4 5 92 1 61 23 32 18 3 14 7 8 17 12 29 19 23 9 11 10 20 65 11 13 15 65 30 31 31 35 36 35 36 65 39 39 65 40 65 16 38 34 67 9 10 42 43 68 53 50 54 41 82 42 42 43 50 44 65 45 49 48 23 33 45 45 49 69 71 55 56 23 57 58 69 71 72 65 1 61 56 16 74 1 61 71 64 27 63 100 
0 1 3 4 5 64 61 7 12 7 23 13 13 32 15 19 29 17 30 18 31 14 17 14 34 17 17 34 17 36 23 33 35 39 27 17 34 42 43 69 72 71 44 55 56 57 58 57 45 48 49 45 40 35 29 34 63 100 
0 4 5 6 14 35 18 35 17 67 38 1 39 29 40 71 69 69 42 3 42 43 32 35 34 43 43 36 42 43 9 11 10 33 43 42 44 43 43 50 44 16 9 11 10 43 50 48 49 43 44 44 70 45 49 48 49 49 50 49 48 69 64 48 49 45 71 45 46 48 49 43 44 71 2 55 57 57 61 58 58 35 27 52 65 56 53 54 65 60 62 65 48 49 49 51 65 48 49 23 15 64 27 13 63 100 
0 3 3 2 1 3 3 4 5 7 3 12 9 10 11 18 13 15 17 16 9 10 30 29 31 28 23 36 64 35 33 36 41 71 69 42 29 43 44 53 48 49 45 48 49 54 9 10 11 16 82 14 34 76 65 14 14 55 57 56 57 58 59 55 68 40 39 71 43 74 14 54 68 71 71 50 60 82 29 62 62 63 100 
0 3 2 6 10 4 5 3 8 7 10 9 11 8 7 16 23 8 7 32 10 9 11 12 18 16 19 10 9 11 20 15 13 33 29 22 22 22 22 14 24 21 25 26 64 27 17 16 66 10 9 11 28 16 10 9 34 23 11 31 30 30 31 30 61 57 58 57 23 3 50 65 10 9 11 68 50 65 65 68 78 79 16 10 9 11 16 10 50 6 50 35 36 39 50 38 40 41 42 43 50 44 44 45 48 49 45 48 49 45 48 49 45 45 48 49 45 46 48 49 51 45 46 48 49 51 45 45 72 71 73 69 70 55 57 58 57 58 59 69 71 35 45 48 49 62 60 52 53 53 54 63 100 
0 64 1 3 3 2 54 4 5 8 7 61 65 12 18 32 30 31 30 76 29 38 67 33 76 17 31 30 33 19 68 13 15 3 20 9 11 10 16 27 38 37 30 31 9 11 10 50 35 34 16 35 36 37 39 40 9 11 10 41 42 43 44 48 45 49 16 65 56 57 58 55 59 68 65 54 3 65 65 65 3 9 11 10 16 68 27 63 4 54 63 100 
0 1 1 1 3 2 64 5 4 6 8 7 18 12 32 15 13 28 27 14 30 31 39 17 29 35 23 35 33 14 37 36 68 41 34 42 43 68 69 44 68 45 48 49 45 49 48 45 48 48 49 49 50 48 49 45 69 69 73 60 65 65 55 61 57 58 57 52 53 39 40 54 1 61 78 79 14 62 63 100 
0 3 2 1 5 4 3 8 7 10 9 11 14 10 9 11 12 29 30 31 17 32 64 27 19 18 20 15 13 56 33 68 74 34 35 35 16 36 37 76 36 41 35 42 10 9 11 16 69 50 43 43 78 41 43 79 44 69 46 45 48 49 51 46 45 69 73 71 72 55 57 58 59 60 69 73 71 72 64 27 64 27 63 100 
0 3 4 5 32 19 17 20 20 13 15 7 12 30 31 50 34 33 50 64 27 35 36 76 35 36 41 56 41 39 40 42 41 42 43 44 69 69 73 72 71 45 46 51 49 48 56 74 55 57 58 57 57 59 63 100 
0 1 2 3 2 3 5 4 6 65 65 7 7 65 14 8 9 10 11 12 17 18 32 15 13 16 34 24 9 10 11 25 66 16 31 30 31 23 9 10 11 16 9 10 11 16 52 17 41 56 64 34 33 23 65 53 27 65 33 17 54 33 35 39 65 35 36 40 37 36 76 36 33 35 34 37 76 36 41 33 69 73 72 71 42 43 44 46 45 51 48 49 45 50 64 27 37 36 34 36 65 65 65 55 57 35 57 58 59 24 25 36 76 34 65 55 59 82 68 1 61 35 82 54 50 12 34 50 50 34 34 64 27 48 49 45 29 63 100 
0 1 4 5 14 7 8 17 23 3 18 7 8 9 11 10 16 29 9 11 10 16 12 32 13 15 28 65 53 33 54 65 55 61 35 34 64 27 65 36 30 31 36 69 71 42 43 68 44 45 48 49 48 49 55 56 57 58 57 58 68 50 39 39 40 50 29 65 63 100 
0 3 3 1 5 4 6 3 29 7 8 10 9 11 12 14 19 20 23 18 15 13 32 10 9 11 30 17 31 28 34 64 27 16 33 35 36 35 36 10 9 11 41 69 71 69 71 16 42 69 71 43 44 48 49 23 48 45 23 23 45 39 40 60 55 61 56 57 58 59 45 48 49 35 64 27 50 52 53 50 54 36 36 69 63 100 
0 4 5 3 1 61 57 56 18 19 58 57 14 32 17 65 19 8 7 3 12 19 20 29 13 15 28 65 35 34 78 50 39 33 65 50 40 50 65 67 79 38 41 42 69 73 72 71 69 43 49 48 45 65 3 49 48 44 45 9 11 10 16 65 55 59 58 69 71 56 74 64 27 63 100 
0 3 2 3 3 3 5 4 54 3 8 7 10 9 11 14 16 10 9 11 12 16 19 32 13 15 10 9 11 20 18 16 32 30 31 30 29 24 25 10 9 11 16 66 35 36 36 39 39 40 29 41 41 42 29 43 43 44 45 46 49 51 48 69 73 72 71 45 55 58 57 56 57 65 32 33 50 65 68 50 50 29 50 50 50 65 50 50 64 27 63 100 
0 2 1 3 79 4 5 6 8 7 3 9 10 12 23 20 19 13 27 15 32 18 13 31 30 28 14 33 17 35 29 27 64 39 40 38 37 67 34 36 41 56 42 43 44 69 71 71 71 23 45 49 48 51 48 48 49 65 60 65 55 57 58 61 64 52 16 53 54 50 50 50 62 63 100 
0 2 1 2 3 3 3 2 3 5 4 7 8 12 10 9 11 16 14 32 13 17 15 18 65 77 77 24 25 66 65 29 30 23 31 64 27 68 34 53 33 54 55 61 35 59 35 35 68 37 36 36 65 41 69 73 42 43 45 48 49 51 45 46 39 65 40 65 55 35 35 35 35 65 36 14 68 50 50 50 50 50 50 50 64 27 35 35 35 35 45 45 48 49 35 48 49 45 71 69 63 100 
0 3 2 1 3 4 5 8 7 12 14 15 32 29 17 10 9 11 16 10 9 11 30 31 30 18 31 65 24 25 66 33 39 65 40 41 34 36 35 35 69 76 16 67 68 10 9 11 42 10 9 11 11 43 43 44 36 70 68 48 45 46 48 49 51 45 46 13 19 20 68 65 55 53 56 57 58 57 58 59 53 54 16 68 36 3 68 10 9 11 50 50 68 11 11 16 63 100 
0 3 3 2 3 3 2 4 5 54 3 7 29 12 23 15 18 13 17 15 34 78 79 19 20 45 48 49 48 49 22 64 24 19 15 33 20 15 13 13 15 13 26 66 69 43 35 30 31 35 60 68 42 43 59 59 45 46 48 49 51 45 46 48 49 51 69 73 72 71 29 68 39 27 40 68 40 40 40 29 68 55 58 57 35 59 58 59 57 58 19 60 62 50 68 78 79 68 50 50 78 79 60 63 100 
0 1 2 3 2 64 5 4 61 7 23 12 18 19 29 3 33 10 9 11 23 19 23 20 14 27 13 15 24 32 34 25 16 66 10 9 11 30 31 30 17 16 10 9 11 16 35 68 36 39 40 36 36 37 41 42 43 44 70 70 49 48 50 45 45 69 71 55 35 56 57 58 59 29 65 63 100 
0 6 4 5 33 32 23 8 7 3 18 12 20 14 28 31 30 29 3 39 10 9 11 40 23 65 14 17 68 19 20 15 13 29 23 65 50 35 50 23 36 65 41 29 42 71 69 42 42 43 44 43 43 49 48 64 27 45 34 46 69 71 65 14 55 56 57 61 58 57 56 57 58 59 48 49 16 52 53 54 65 60 63 100 
0 4 5 61 64 27 18 32 14 17 3 29 10 9 11 34 30 31 12 19 20 24 25 26 66 35 33 36 16 76 39 40 42 43 44 69 71 45 29 49 48 55 56 57 58 69 71 49 48 45 46 49 48 51 53 54 71 69 71 69 63 100 
0 2 1 4 5 8 7 61 65 12 14 64 19 15 13 18 15 17 19 65 29 13 32 27 22 24 25 66 30 31 30 65 34 33 35 36 41 41 43 46 45 48 49 51 46 45 77 29 35 36 35 39 40 37 36 65 76 55 35 56 57 58 35 59 35 61 35 63 100 
0 1 5 4 6 3 8 7 10 9 11 12 19 65 23 10 9 11 13 16 33 10 9 11 16 32 30 31 10 9 11 26 24 25 66 33 29 29 14 18 17 35 23 16 10 9 11 34 64 2 16 10 9 11 27 23 68 16 36 36 39 50 40 67 41 42 43 44 72 71 29 69 73 45 46 51 49 48 20 52 41 56 53 54 65 55 57 61 58 57 58 82 35 78 79 63 100 
0 1 3 2 3 54 4 5 7 12 17 29 32 3 9 10 11 45 48 49 69 68 30 31 30 11 35 10 9 11 39 73 69 40 11 45 46 42 43 50 10 9 11 42 11 42 73 69 51 48 49 11 45 46 11 11 43 50 70 44 57 58 58 55 57 58 57 58 58 33 59 36 56 54 11 36 36 36 55 61 34 35 65 53 3 10 9 11 10 9 54 64 10 9 82 11 62 11 27 16 50 3 68 10 9 11 16 10 9 68 16 10 9 11 68 29 50 16 10 9 68 11 63 100 
0 1 4 5 6 3 8 7 23 12 2 32 18 23 13 23 15 14 32 30 31 30 17 29 3 24 25 26 23 66 35 33 36 64 27 76 34 33 37 39 39 65 56 50 65 69 71 42 43 44 45 46 51 49 48 50 28 45 65 55 57 58 59 23 50 50 35 36 50 68 35 36 52 65 65 65 53 50 54 82 71 36 42 40 12 12 35 12 29 63 100 
0 1 4 5 6 3 18 3 32 29 68 8 7 12 14 10 9 11 16 19 17 34 10 9 11 13 33 15 13 15 16 10 9 11 20 16 30 31 24 25 26 28 35 50 36 10 9 11 41 16 42 10 9 11 64 23 27 43 42 43 68 39 39 40 35 41 16 76 41 42 50 42 43 43 69 43 44 45 49 48 48 71 69 56 35 69 55 57 58 35 59 45 49 48 69 69 71 35 52 35 56 78 79 69 41 50 74 35 60 69 35 35 35 41 69 63 100 
0 64 1 5 4 8 7 18 3 12 10 9 11 19 14 13 32 15 17 20 29 24 25 66 28 30 32 31 16 43 45 35 65 43 36 34 33 43 42 41 36 76 37 39 27 39 42 41 40 35 41 42 43 44 45 70 49 48 45 48 49 48 49 51 45 48 49 43 35 55 57 61 58 59 57 45 58 59 56 69 71 74 58 35 57 58 57 68 68 68 61 63 100 
0 4 5 7 8 35 12 35 19 20 13 15 56 17 35 36 35 34 31 50 30 2 36 2 32 39 40 41 42 41 42 43 44 23 48 45 48 49 51 49 45 46 45 69 71 72 73 69 71 69 71 36 55 57 58 59 50 50 33 50 63 100 
0 1 64 2 3 4 5 3 61 8 7 10 9 11 16 12 33 18 17 19 23 24 25 66 26 27 30 31 39 32 40 35 36 41 34 42 43 44 69 71 29 20 46 45 51 49 48 55 56 57 58 60 63 100 
0 1 5 4 6 3 61 8 7 12 19 20 13 32 23 15 21 26 28 17 30 31 35 36 67 39 33 40 41 34 71 69 71 42 43 44 45 49 48 71 69 45 46 49 48 51 45 49 48 46 51 45 49 48 49 71 69 65 55 56 57 58 59 45 29 63 100 
0 1 3 3 5 4 6 2 8 7 12 65 32 3 9 10 11 18 17 19 23 29 20 13 15 24 33 26 25 66 14 30 31 30 18 35 64 36 50 39 39 50 40 27 65 42 43 44 16 46 45 48 49 51 46 45 71 72 29 69 73 67 38 67 55 61 57 58 56 57 59 59 48 49 69 71 34 52 53 54 65 65 29 67 14 63 100 
0 1 3 5 4 8 7 61 14 12 18 32 17 20 29 30 30 31 30 33 31 30 18 35 36 36 27 64 69 71 45 49 48 45 41 35 36 69 71 42 43 45 69 36 69 57 58 34 78 79 63 100 
0 1 3 2 3 6 4 5 8 7 3 10 9 11 12 32 18 23 13 14 15 22 17 24 21 16 33 10 9 11 25 26 64 27 66 30 31 30 29 31 11 35 23 67 55 61 35 76 36 56 34 65 41 42 65 53 50 23 42 69 43 54 44 46 45 50 68 45 51 49 48 39 65 55 57 58 59 65 23 40 65 50 36 65 65 68 29 60 50 50 65 65 65 65 61 63 100 
0 2 3 3 5 4 8 7 12 19 32 20 14 29 23 13 18 23 15 13 15 21 27 64 26 28 30 31 17 35 36 23 36 67 39 38 23 33 42 42 43 34 44 48 49 45 45 48 49 51 46 49 45 71 69 56 74 40 68 43 50 29 55 57 58 59 48 27 64 60 14 78 79 63 100 
0 4 5 18 35 36 14 30 31 3 30 17 29 36 23 23 10 9 11 32 77 12 68 8 7 42 43 50 42 43 41 43 50 45 45 49 48 15 77 49 34 23 16 23 69 23 14 71 43 44 33 43 43 31 31 40 60 39 29 39 64 27 42 43 70 45 49 48 23 53 53 54 55 57 58 59 56 50 50 60 78 79 62 63 54 63 100 
0 2 3 3 3 2 1 4 6 5 7 8 32 12 18 3 10 9 11 14 23 15 13 17 33 10 9 11 18 33 30 31 26 64 28 27 23 39 34 11 40 18 35 41 69 71 42 43 69 73 71 65 44 45 49 48 45 65 52 16 65 65 56 74 55 61 57 58 59 69 50 29 50 50 63 100 
0 4 5 1 61 18 32 14 12 7 17 33 23 15 13 23 68 34 3 23 30 31 10 9 11 35 39 40 36 35 50 42 43 23 53 29 45 44 82 54 10 9 11 45 46 51 49 48 10 9 11 23 16 65 41 55 57 58 59 58 57 14 82 65 54 55 65 65 65 65 82 65 65 14 65 65 56 74 60 63 100 
0 1 3 2 2 5 4 61 8 7 18 12 13 15 14 35 29 77 17 32 64 28 30 31 36 36 34 38 27 67 69 71 69 33 42 71 42 43 44 45 45 48 49 18 55 56 57 58 57 35 23 29 35 69 50 69 50 60 29 71 69 69 43 49 48 45 29 45 49 48 48 48 49 45 49 48 63 100 
0 3 3 3 3 3 5 4 7 10 9 11 16 7 12 13 32 9 11 10 15 23 14 77 30 31 30 11 18 10 9 11 16 23 10 9 11 32 17 65 16 65 53 10 9 11 16 29 10 9 11 23 16 10 9 11 54 16 24 25 66 28 33 10 9 11 61 35 16 10 9 11 36 37 16 41 10 9 11 42 34 43 70 59 16 10 9 11 16 10 9 11 16 39 10 9 11 40 68 16 10 9 11 55 65 57 58 59 35 82 16 56 10 9 11 16 36 68 10 9 11 16 10 9 11 27 64 16 10 9 11 68 16 68 82 82 68 68 50 50 42 43 61 82 61 82 63 100 
0 2 1 2 1 3 3 3 3 5 4 7 10 9 11 65 32 53 23 54 10 9 11 12 18 13 15 64 77 16 10 9 65 16 10 9 31 30 14 24 26 21 25 66 29 33 23 17 23 27 33 10 9 11 35 65 36 68 34 39 40 68 36 41 42 43 44 70 46 45 51 49 48 29 69 16 50 50 55 61 57 58 59 35 50 68 63 100 
0 64 17 3 3 1 17 17 54 4 5 61 7 3 18 12 10 19 9 11 13 77 32 28 23 29 14 28 22 24 17 25 66 30 34 31 30 35 17 33 35 36 34 37 39 39 39 17 27 94 82 37 76 16 68 41 40 41 42 54 34 12 43 44 17 45 49 48 34 71 69 17 73 71 65 55 59 68 34 27 94 17 50 34 78 34 17 34 79 17 34 34 95 17 27 94 34 63 100 
0 2 3 1 17 17 17 34 17 34 17 34 34 34 5 4 3 8 65 65 18 12 19 20 14 29 17 31 30 34 27 28 19 32 23 94 65 23 35 76 37 50 36 41 53 50 56 54 65 42 43 95 44 46 43 51 78 70 33 94 34 45 49 48 51 46 72 46 79 55 61 57 58 59 95 34 27 94 40 34 39 34 1 61 34 3 63 100 
0 3 2 3 3 1 5 4 61 3 18 8 12 9 11 19 10 20 11 29 17 16 66 25 24 34 30 33 31 56 32 34 78 41 56 50 36 39 40 34 27 94 79 95 27 94 43 95 44 45 48 49 27 94 69 73 71 72 95 27 34 46 95 48 51 49 27 94 49 48 71 72 56 57 34 58 27 50 29 34 34 63 100 
0 1 3 3 2 6 4 5 8 7 3 12 10 9 11 32 19 14 13 15 27 17 94 95 23 16 27 94 31 30 31 18 21 22 33 29 26 24 25 66 34 28 35 36 37 36 38 67 68 39 34 40 41 34 52 74 56 34 95 43 95 44 27 94 48 50 45 46 48 49 51 69 73 34 71 72 55 61 57 58 34 61 63 100 
0 3 1 2 4 5 8 3 14 10 9 11 12 18 19 20 13 15 17 32 16 31 30 23 65 32 24 66 25 29 28 23 27 34 35 33 36 35 38 67 39 40 34 33 41 27 56 23 23 27 94 34 43 95 27 94 95 44 27 94 69 73 73 71 72 45 49 48 46 48 51 34 55 61 57 58 59 52 74 34 62 34 17 34 34 34 34 34 63 100 
0 1 2 3 3 1 2 4 5 6 3 8 9 11 10 12 27 19 27 23 20 94 15 13 23 29 17 14 94 18 31 30 17 23 27 94 34 66 25 24 28 27 23 33 95 23 27 94 35 95 36 23 27 23 38 34 67 10 16 39 40 41 50 56 50 6 43 50 95 44 50 95 49 48 45 34 48 49 46 27 48 51 27 69 73 17 71 71 34 55 61 57 58 27 94 52 34 53 60 54 34 95 95 34 62 34 62 34 63 100 
0 1 1 3 2 3 6 5 4 3 7 8 12 9 11 10 32 23 13 15 30 31 23 24 65 25 23 66 28 23 18 23 27 29 23 35 34 36 14 27 23 95 33 23 10 27 94 17 16 65 27 14 27 27 17 95 43 27 94 41 52 34 56 53 54 39 40 95 44 65 27 95 45 46 27 95 48 51 49 27 65 55 61 57 34 58 59 35 74 56 95 27 68 34 50 34 95 27 27 94 27 63 100 
0 1 3 3 3 2 1 3 4 5 6 65 7 23 8 18 12 19 3 65 14 32 24 25 9 11 66 10 16 28 9 10 13 16 29 17 34 17 30 27 31 30 30 31 30 33 35 34 35 36 37 41 27 94 39 34 40 41 73 72 43 95 72 71 73 69 48 49 45 34 55 56 61 57 58 58 35 59 27 94 52 41 34 53 54 27 30 31 30 31 30 34 34 63 100 
0 1 3 2 54 4 5 61 3 7 18 12 19 14 9 11 10 21 32 21 17 26 28 29 19 34 11 30 33 31 35 11 23 16 27 35 27 94 36 39 40 34 41 43 69 73 71 72 48 49 45 48 49 65 55 56 57 58 59 35 34 29 34 34 34 50 50 50 63 100 
0 1 3 4 5 61 9 11 10 23 8 18 12 23 77 77 33 14 15 30 31 30 3 24 17 29 25 66 28 34 32 17 23 65 23 23 23 23 27 34 50 35 50 36 39 40 53 34 53 54 41 42 73 72 69 71 43 44 78 45 46 49 51 48 34 55 35 57 58 59 79 34 16 94 34 94 17 63 100 
0 4 5 1 61 23 23 29 23 7 8 12 19 24 28 18 33 30 31 30 30 31 14 30 31 35 14 41 34 69 71 43 45 48 49 45 46 48 49 51 69 73 71 72 14 71 72 69 73 34 17 55 57 58 57 58 57 59 35 63 100 
0 3 4 5 61 7 8 18 10 9 11 12 32 99 14 19 20 29 17 15 34 92 31 99 95 64 30 26 66 24 25 99 23 99 23 43 27 27 34 35 36 41 56 41 67 38 39 40 42 43 50 44 70 71 72 69 95 48 68 45 46 27 23 27 48 49 51 34 27 27 17 50 42 43 43 42 43 42 34 60 57 34 62 12 12 34 34 43 34 63 100 
0 3 5 4 3 61 7 8 9 10 11 23 18 65 12 32 14 19 20 15 13 17 15 13 29 27 53 34 23 56 95 27 94 27 33 30 22 31 34 30 21 24 66 25 28 53 50 50 50 65 35 36 41 36 38 67 34 39 40 95 95 43 44 69 27 71 72 73 27 94 95 61 45 48 49 45 48 51 46 34 46 48 51 27 55 57 58 27 94 65 53 34 54 27 35 27 35 34 65 53 54 60 79 65 27 65 55 59 63 100 
0 1 2 3 6 5 4 61 3 9 11 10 7 29 12 16 18 19 32 30 31 30 34 31 21 24 25 26 66 28 23 33 92 23 34 23 14 29 17 50 35 37 38 50 34 67 41 36 39 40 40 43 69 73 72 71 92 69 73 99 92 34 72 71 99 49 48 51 45 46 92 23 65 55 35 57 58 59 92 74 56 6 92 34 92 17 36 99 43 92 34 99 92 63 100 
0 2 5 4 6 3 65 61 99 3 18 7 10 9 11 12 14 27 17 29 12 32 13 19 34 94 13 15 20 21 33 26 24 25 66 28 11 31 99 30 31 30 23 92 92 34 16 92 94 23 92 35 36 37 92 67 41 95 43 71 72 69 73 71 34 27 92 99 48 49 45 99 48 49 46 45 51 48 49 92 94 65 55 35 56 57 58 59 17 34 35 56 6 65 61 92 34 50 50 50 52 34 53 54 78 34 27 17 94 95 27 27 34 27 34 63 100 
0 3 3 6 5 4 8 7 12 3 99 9 11 10 19 20 99 19 13 15 18 7 12 14 13 15 29 17 22 31 30 32 21 34 26 24 33 66 25 28 27 23 10 35 27 94 36 34 94 38 16 67 94 39 40 27 40 94 43 95 72 71 95 73 69 18 95 48 49 94 48 49 45 48 49 51 45 50 12 45 34 27 27 12 27 60 60 65 55 34 57 58 59 35 59 95 12 27 34 95 95 52 27 65 53 54 54 27 34 27 95 94 27 62 34 95 27 34 34 17 95 34 1 61 17 17 34 68 63 100 
0 1 3 2 64 4 5 6 3 29 8 34 9 11 10 18 32 12 14 15 17 20 13 24 11 25 23 34 66 23 28 27 94 31 68 30 33 50 16 27 38 67 36 35 34 39 41 42 43 95 44 70 27 48 78 69 33 71 95 94 33 45 48 49 27 94 55 56 34 57 58 57 58 95 69 27 94 27 61 52 53 54 27 50 50 34 79 17 95 95 27 34 27 34 17 63 100 
0 1 2 2 3 4 5 6 3 8 7 10 9 11 11 12 29 13 15 14 26 28 18 16 30 31 17 10 9 34 23 23 27 94 95 32 95 95 94 16 33 95 10 9 11 27 94 27 16 36 95 35 36 67 38 39 27 27 94 42 40 42 50 95 43 43 50 43 34 44 95 78 79 45 95 49 48 49 48 69 48 49 34 69 27 71 94 69 95 19 71 73 69 65 55 56 35 57 58 59 34 61 27 27 95 95 74 6 52 53 95 34 54 27 60 34 34 34 27 27 64 63 100 
0 1 3 2 3 4 5 6 7 3 8 9 11 10 12 17 99 23 21 28 25 99 32 65 30 31 39 65 16 65 92 33 29 17 40 65 27 22 23 94 69 73 34 95 23 23 27 73 27 35 36 35 71 72 71 42 43 94 95 44 95 46 45 34 95 48 49 51 95 27 27 45 27 48 45 95 27 56 95 95 6 65 14 17 34 55 57 58 23 61 27 27 52 53 65 34 54 65 50 34 50 34 95 95 27 94 63 100 
0 1 5 4 8 61 7 12 18 19 20 32 77 77 3 77 77 29 22 34 26 24 25 66 35 33 18 9 11 18 3 29 34 39 29 65 34 40 27 94 95 53 34 17 54 34 3 44 45 49 48 69 10 9 11 82 16 82 34 68 82 65 54 34 17 68 34 68 34 17 34 50 34 68 27 94 95 34 27 95 34 27 94 100 
0 5 4 6 1 8 7 14 12 3 19 18 20 17 15 13 32 29 34 26 8 7 21 26 3 22 24 25 66 9 11 28 10 19 33 12 19 20 27 11 94 30 31 50 16 34 50 35 36 39 41 42 95 40 95 43 40 95 69 71 69 71 42 95 44 95 34 45 49 48 45 15 13 17 45 49 69 65 55 56 57 58 48 65 27 94 65 95 34 52 65 53 54 95 70 18 27 27 94 34 34 95 27 34 17 95 95 27 60 34 95 34 34 27 63 100 
0 3 2 1 3 4 5 3 7 8 9 10 11 18 12 13 15 56 14 32 28 24 25 17 66 30 31 29 23 34 27 94 16 33 9 10 16 35 23 39 36 40 27 67 27 95 42 95 43 95 70 44 34 45 46 27 48 95 49 51 27 45 49 27 71 72 73 69 56 57 58 56 57 58 34 34 95 34 50 50 12 34 27 94 34 63 100 
0 2 1 3 5 54 8 61 7 65 3 12 10 9 11 18 19 32 20 13 33 15 24 25 26 17 29 66 34 16 30 30 65 31 17 35 36 41 23 64 34 23 17 27 94 95 35 27 41 29 95 42 94 39 39 34 40 95 43 95 69 71 44 27 94 49 48 45 46 95 70 34 59 27 94 95 55 58 57 58 57 56 27 94 34 50 34 34 50 50 34 95 34 27 94 63 100 
0 5 4 1 61 3 8 12 2 19 68 13 15 9 11 10 43 42 18 23 13 30 31 21 28 50 14 17 23 29 17 27 94 23 34 35 36 16 41 33 42 27 43 42 44 43 94 95 45 46 27 95 48 51 49 27 9 69 73 10 33 72 56 74 17 34 17 71 43 65 55 57 58 17 61 34 27 27 32 34 34 27 34 95 34 34 62 34 34 10 34 62 63 100 
0 1 64 2 3 2 3 2 1 3 2 2 6 4 5 7 8 12 3 18 32 65 19 9 11 65 20 10 10 14 15 13 11 22 24 29 17 26 66 34 28 30 23 31 65 68 43 69 49 48 27 94 29 34 11 65 33 3 9 65 10 3 34 9 11 35 36 36 16 36 42 95 43 95 44 27 94 95 49 45 48 34 69 49 49 45 49 48 27 67 39 40 38 37 65 55 56 57 58 59 61 95 71 27 49 48 34 48 52 56 53 54 82 27 34 34 34 34 60 34 34 63 100 
0 1 6 5 4 3 8 7 23 23 12 18 19 23 25 24 25 29 28 23 17 34 23 29 30 31 17 30 35 36 33 68 42 43 44 48 49 45 13 15 33 69 73 71 72 20 27 34 94 65 55 56 57 58 59 95 27 94 68 34 50 34 50 39 34 65 65 40 94 27 52 65 53 54 82 34 79 34 34 95 34 34 34 34 63 100 
0 1 2 3 6 4 5 7 8 65 12 23 32 3 19 20 18 10 9 11 13 23 15 17 21 14 24 25 26 29 66 28 23 34 30 31 17 33 64 27 94 35 36 27 23 94 27 16 37 34 9 11 10 27 39 95 27 95 40 95 14 23 42 95 43 42 27 68 17 69 42 94 69 27 16 9 11 95 71 42 43 95 16 42 43 27 9 95 16 48 49 50 15 10 9 95 48 11 27 95 45 13 27 95 44 34 95 70 27 50 95 43 27 16 55 56 57 58 48 59 61 34 95 52 74 94 27 34 35 34 63 100 
0 3 2 5 4 3 61 8 7 65 3 18 12 10 9 65 19 32 20 14 23 25 66 28 32 34 30 23 31 34 92 65 38 67 10 36 65 34 36 17 23 34 65 41 42 33 69 61 42 65 50 71 34 69 71 42 43 44 50 23 99 50 45 48 49 69 92 70 99 48 49 15 13 92 27 94 94 42 43 99 55 34 56 57 58 59 48 61 92 94 36 27 92 92 36 34 53 54 39 40 34 23 60 34 99 62 94 63 100 
0 1 3 3 4 5 65 65 61 7 14 23 3 12 17 18 32 3 13 19 3 15 20 29 34 32 25 66 28 3 38 3 38 67 76 27 33 35 36 34 3 27 35 27 42 42 95 69 23 34 95 43 95 70 34 51 46 45 49 48 45 49 48 27 94 69 95 71 27 94 68 95 53 68 34 54 82 65 27 94 34 95 55 57 56 58 48 59 61 27 94 27 65 68 34 50 34 34 65 34 34 27 94 34 34 63 100 
0 1 2 3 64 6 5 4 10 9 11 99 7 8 18 12 32 19 14 15 13 29 17 34 35 33 36 23 35 24 25 66 35 23 27 42 42 94 43 42 34 69 71 46 45 49 16 52 53 54 65 82 95 55 58 57 58 57 56 57 34 61 67 38 39 17 40 27 94 35 35 27 94 95 27 94 34 29 50 50 34 50 65 27 65 65 34 27 94 34 94 63 100 
0 4 5 1 61 23 12 8 13 35 31 35 3 39 40 14 42 69 23 71 49 48 2 45 49 48 17 43 23 18 55 29 57 58 61 35 42 56 33 65 53 54 12 61 68 34 17 34 68 17 34 17 34 34 34 34 63 100 
0 1 4 5 3 61 8 7 14 3 12 2 17 18 99 23 15 13 32 29 42 12 34 50 33 50 56 24 25 23 28 66 92 34 27 94 35 35 36 34 36 41 34 39 40 40 38 67 34 42 23 99 95 71 72 23 69 73 43 17 99 95 17 45 99 95 45 49 48 51 45 46 49 51 34 27 94 92 99 95 15 13 34 27 34 92 27 99 95 55 58 56 57 58 61 92 27 94 34 34 34 34 34 99 95 92 27 94 34 63 100 
0 4 5 1 29 33 23 3 8 7 12 34 42 20 3 19 3 10 9 26 22 24 21 25 66 28 18 27 31 30 23 34 36 41 14 43 34 32 43 44 27 17 70 94 94 49 45 48 49 48 51 23 45 46 68 95 16 45 46 49 51 34 65 68 34 27 68 27 95 50 34 23 23 65 35 56 95 53 53 54 27 27 27 27 40 34 39 23 65 14 65 17 65 55 57 58 17 59 59 57 34 61 34 17 65 54 34 27 95 27 94 29 17 17 34 17 34 63 100 
0 5 4 1 61 23 3 9 11 10 14 8 7 12 19 13 15 28 24 66 25 18 30 31 14 36 35 39 17 40 29 16 9 10 36 42 43 44 34 70 27 45 32 23 49 48 69 94 69 68 16 33 34 71 41 50 34 74 55 57 58 27 94 34 62 27 34 34 34 63 100 
0 1 3 2 5 4 54 61 8 7 18 12 9 10 11 32 14 16 23 10 11 15 29 34 17 13 23 16 19 33 24 34 25 26 9 10 11 66 17 30 31 35 16 37 76 36 35 23 27 56 94 54 42 39 40 95 43 44 37 71 69 45 46 34 51 49 48 27 94 65 55 57 58 27 94 95 76 36 27 94 17 34 34 34 34 34 34 34 34 95 63 100 
0 3 2 1 64 5 4 61 18 29 12 9 10 11 34 23 32 14 13 15 17 33 16 9 10 11 16 30 31 9 10 11 16 24 25 28 66 36 9 10 11 16 36 34 56 42 43 69 71 44 27 39 94 45 46 51 49 48 34 40 67 29 34 34 34 55 57 58 60 34 68 78 79 34 34 95 34 34 34 34 34 92 17 2 3 3 3 3 2 2 2 1 3 2 64 3 3 4 5 61 2 18 2 3 29 7 8 12 14 9 11 34 23 13 23 34 32 15 17 33 16 30 31 9 24 16 25 26 28 9 66 16 36 9 10 16 36 34 56 42 43 69 71 44 27 39 99 94 45 95 46 27 95 49 48 27 34 40 67 29 34 34 55 57 58 60 36 60 34 68 78 79 68 34 50 50 50 34 34 34 34 34 34 92 92 63 100 
0 1 2 3 3 5 4 6 3 8 7 9 11 10 12 23 25 17 32 26 14 24 15 13 66 23 18 17 16 30 31 34 30 9 11 10 23 33 23 35 27 94 56 35 11 39 39 29 11 40 34 40 42 37 76 36 36 42 43 44 55 61 57 23 58 59 45 71 95 49 48 51 45 46 27 68 34 34 16 67 52 41 74 38 34 17 27 34 34 63 100 
0 1 2 5 4 2 61 8 7 12 19 77 18 23 15 13 15 14 32 24 25 26 17 66 28 30 31 29 34 27 27 94 23 17 27 34 33 56 34 74 50 53 54 35 23 95 27 94 36 37 36 41 67 40 39 41 27 42 71 71 71 95 43 95 42 34 43 94 95 27 44 95 44 94 95 45 49 48 45 48 49 48 48 34 49 45 49 45 49 27 94 69 69 34 60 71 34 20 71 65 65 55 57 58 57 34 34 63 100 
0 5 4 6 8 7 14 12 19 20 23 15 13 18 65 21 22 26 24 25 17 3 66 28 17 17 65 3 9 11 10 64 30 31 31 31 11 16 68 39 40 29 27 23 34 27 27 35 95 95 50 27 94 36 27 37 41 67 38 71 69 42 43 44 95 27 34 45 49 95 45 95 49 48 45 49 48 49 45 13 15 27 94 13 27 15 27 27 55 57 58 57 59 34 27 33 60 95 69 69 27 1 61 95 52 34 53 54 27 34 34 60 34 65 65 34 65 34 63 100 
0 1 3 3 2 3 2 4 5 8 61 7 99 92 12 23 3 10 9 11 19 99 18 23 32 14 16 33 13 9 10 17 24 21 26 17 28 30 31 29 34 92 23 35 92 99 36 92 37 16 36 68 38 67 34 39 40 42 43 17 44 71 49 45 99 49 48 45 15 92 17 34 56 17 74 28 69 17 55 57 58 57 59 99 92 14 34 17 78 34 78 29 34 34 34 63 100 
0 3 1 54 5 4 3 8 12 3 9 11 10 19 32 18 13 23 15 16 22 14 20 32 24 3 34 17 9 11 10 25 66 16 29 34 31 30 30 31 34 33 23 23 34 35 36 64 76 41 42 43 73 69 72 71 34 70 64 45 49 48 45 61 55 35 56 57 34 58 59 53 39 40 53 34 54 27 94 34 95 27 94 63 100 
0 4 5 6 2 99 8 18 7 12 24 25 66 3 14 23 3 9 10 11 15 13 29 13 15 17 28 16 9 11 10 16 27 30 34 94 33 33 32 31 33 31 34 32 32 35 36 65 36 68 37 36 41 42 43 95 27 94 71 72 95 49 48 51 34 45 46 27 94 50 34 50 39 65 34 40 74 56 78 6 34 52 53 79 27 54 65 55 35 34 57 58 59 95 27 94 95 27 94 34 34 17 63 100 
0 1 3 2 64 4 5 4 5 10 9 11 12 23 19 13 15 18 13 32 13 14 30 31 30 29 35 68 36 24 25 66 28 33 27 17 34 34 16 34 23 50 14 50 50 56 27 94 74 14 14 34 17 35 36 34 27 67 95 95 42 95 43 39 27 94 40 95 18 94 95 43 94 44 18 95 27 45 94 95 48 49 34 60 45 60 27 49 27 69 71 69 71 95 23 23 34 95 48 49 43 27 94 95 55 57 58 59 48 49 45 61 79 34 95 95 48 49 48 48 34 60 34 27 79 34 63 1 3 2 64 4 5 4 5 10 9 11 12 23 19 13 15 18 13 32 13 14 30 31 30 29 35 68 36 24 25 66 28 33 27 17 34 34 16 34 23 50 14 50 50 74 27 94 14 14 34 17 35 36 34 27 67 95 95 42 95 43 39 27 94 40 95 18 94 95 43 94 44 18 95 27 45 94 95 48 49 34 60 45 60 27 49 27 69 71 69 71 95 23 23 34 95 48 49 43 27 94 95 55 57 58 59 48 49 45 61 79 34 95 95 48 49 48 48 34 60 34 27 79 34 63 100 
0 1 3 2 64 4 5 10 65 61 23 53 54 7 18 12 16 3 17 3 15 32 13 14 9 11 10 15 32 16 23 31 17 30 29 31 3 9 11 34 10 24 25 23 26 66 35 16 34 3 10 9 11 33 39 40 36 50 16 36 37 76 42 9 11 43 10 49 48 45 33 27 94 94 69 71 95 34 94 34 44 27 3 94 95 95 3 9 11 33 10 34 27 20 94 36 12 34 16 9 10 10 34 78 79 53 54 12 94 27 34 34 34 10 34 34 50 50 10 53 54 34 10 55 57 58 59 61 95 12 10 10 34 10 62 34 94 32 10 34 94 34 12 34 10 94 95 12 34 95 10 45 71 49 48 77 34 94 94 63 63 100 
0 2 1 2 3 5 4 3 3 7 8 10 9 11 18 8 7 12 14 32 17 23 19 29 20 34 33 11 27 15 13 32 77 23 24 25 32 26 66 28 30 68 16 34 50 53 34 54 65 30 31 38 67 50 76 76 67 35 34 36 41 56 41 42 43 34 71 27 34 69 71 27 94 71 69 95 48 45 49 44 34 49 45 95 48 49 48 95 45 49 49 48 34 45 45 48 49 27 94 69 95 55 57 58 57 56 57 58 34 61 55 56 57 58 57 56 58 57 58 27 94 95 27 39 40 29 25 66 28 69 34 69 50 50 34 79 45 63 100 
0 1 2 2 2 5 10 10 61 8 12 18 32 14 19 23 29 17 13 15 27 23 15 13 34 23 26 95 27 27 94 23 24 25 66 30 31 39 33 40 34 35 41 17 42 67 95 36 56 27 94 42 43 17 44 70 3 95 69 95 45 95 49 48 45 17 16 49 48 34 69 49 48 49 48 9 10 17 55 57 58 59 48 45 34 65 36 27 37 17 95 34 27 17 68 34 50 34 34 34 27 63 100 
0 3 1 4 5 3 7 18 12 10 9 61 19 32 20 23 13 23 14 13 15 21 29 17 26 28 34 27 30 31 94 30 31 68 33 39 17 50 40 50 37 38 67 76 34 35 36 56 41 17 42 43 95 95 43 95 43 45 49 48 95 45 95 49 48 44 27 48 49 50 27 95 45 49 34 45 49 48 45 27 49 48 45 69 71 69 71 69 71 71 69 27 94 95 65 27 94 55 56 57 58 57 34 94 63 63 100 
0 64 3 2 4 5 3 7 18 12 7 13 14 13 15 19 20 17 29 19 43 34 24 25 66 28 50 43 34 43 50 39 40 32 67 38 35 36 36 37 34 33 34 56 42 43 29 43 34 23 49 48 27 68 44 49 48 45 14 49 48 45 45 45 17 49 48 69 71 95 65 55 57 58 59 34 58 27 94 34 34 50 34 95 79 27 94 34 63 100 
0 3 2 1 4 5 6 7 8 64 18 9 10 11 12 14 17 23 32 13 15 77 26 28 23 30 31 16 33 29 27 27 94 27 23 34 35 36 38 67 39 40 34 42 43 44 46 45 48 49 51 69 73 71 72 45 48 49 65 55 57 58 56 57 58 61 35 52 74 34 36 34 35 36 34 71 72 63 100 
0 1 3 2 3 5 4 54 64 61 8 7 27 10 9 11 12 61 17 19 20 65 13 15 16 65 29 24 25 66 30 65 31 39 40 18 35 33 33 36 29 33 38 37 65 42 43 44 45 32 49 48 34 67 69 71 69 55 56 57 58 74 56 29 63 100 
